2,1,568,728,409,77,1,1,1,1
2,2,2100,646,142,58,1,1,1,1
2,3,1438,659,121,53,1,1,1,1
2,4,281,724,214,63,1,1,1,1
3,1,565,725,431,82,1,1,1,1
3,2,2105,648,136,55,1,1,1,1
3,3,1437,659,123,53,1,1,1,1
3,4,275,723,220,65,1,1,1,1
4,1,582,726,415,79,1,1,1,1
4,2,2108,647,135,55,1,1,1,1
4,3,1435,659,124,53,1,1,1,1
4,4,272,724,222,65,1,1,1,1
5,1,591,726,411,78,1,1,1,1
5,2,2109,646,138,57,1,1,1,1
5,3,1433,658,125,55,1,1,1,1
5,4,269,723,222,65,1,1,1,1
6,1,599,726,413,79,1,1,1,1
6,2,2111,646,139,57,1,1,1,1
6,3,1432,658,124,55,1,1,1,1
6,4,266,723,225,66,1,1,1,1
7,1,610,726,409,78,1,1,1,1
7,2,2114,646,138,56,1,1,1,1
7,3,1430,658,124,55,1,1,1,1
7,4,266,724,221,65,1,1,1,1
8,1,625,726,393,76,1,1,1,1
8,2,2117,645,139,57,1,1,1,1
8,3,1430,659,121,53,1,1,1,1
8,4,263,724,221,65,1,1,1,1
9,1,635,725,391,75,1,1,1,1
9,2,2121,647,135,55,1,1,1,1
9,3,1430,659,119,53,1,1,1,1
9,4,262,724,221,65,1,1,1,1
10,1,636,723,401,78,1,1,1,1
10,2,2124,646,135,55,1,1,1,1
10,3,1427,660,121,53,1,1,1,1
10,4,258,724,223,66,1,1,1,1
11,1,646,723,398,77,1,1,1,1
11,2,2126,646,137,56,1,1,1,1
11,3,1425,660,122,53,1,1,1,1
11,4,257,724,221,66,1,1,1,1
12,1,660,723,389,76,1,1,1,1
12,2,2128,646,136,55,1,1,1,1
12,3,1422,659,126,55,1,1,1,1
12,4,253,723,224,67,1,1,1,1
13,1,670,723,383,75,1,1,1,1
13,2,2131,647,135,54,1,1,1,1
13,3,1421,659,127,56,1,1,1,1
13,4,251,723,225,67,1,1,1,1
14,1,678,723,380,74,1,1,1,1
14,2,2131,646,139,56,1,1,1,1
14,3,1419,658,129,57,1,1,1,1
14,4,247,723,227,68,1,1,1,1
15,1,680,721,395,77,1,1,1,1
15,2,2135,646,136,55,1,1,1,1
15,3,1417,659,128,56,1,1,1,1
15,4,247,724,224,67,1,1,1,1
16,1,692,721,387,75,1,1,1,1
16,2,2137,646,138,55,1,1,1,1
16,3,1416,659,127,57,1,1,1,1
16,4,250,726,216,64,1,1,1,1
17,1,699,720,386,76,1,1,1,1
17,2,2138,645,140,57,1,1,1,1
17,3,1415,658,128,57,1,1,1,1
17,4,249,727,216,64,1,1,1,1
18,1,710,720,381,75,1,1,1,1
18,2,2142,646,136,55,1,1,1,1
18,3,1414,658,128,57,1,1,1,1
18,4,241,725,224,66,1,1,1,1
19,1,721,720,376,75,1,1,1,1
19,2,2144,646,137,55,1,1,1,1
19,3,1413,658,127,57,1,1,1,1
19,4,236,724,227,68,1,1,1,1
20,1,730,720,373,74,1,1,1,1
20,2,2146,646,135,54,1,1,1,1
20,3,1412,659,125,55,1,1,1,1
20,4,238,725,223,67,1,1,1,1
21,1,741,720,366,73,1,1,1,1
21,2,2150,646,133,53,1,1,1,1
21,3,1411,659,125,55,1,1,1,1
21,4,237,726,221,65,1,1,1,1
22,1,748,720,364,72,1,1,1,1
22,2,2153,646,134,53,1,1,1,1
22,3,1410,659,124,55,1,1,1,1
22,4,236,726,219,65,1,1,1,1
23,1,756,719,366,73,1,1,1,1
23,2,2155,646,135,53,1,1,1,1
23,3,1410,660,121,54,1,1,1,1
23,4,236,728,212,62,1,1,1,1
24,1,765,718,366,73,1,1,1,1
24,2,2159,645,133,53,1,1,1,1
24,3,1409,661,121,53,1,1,1,1
24,4,232,727,218,64,1,1,1,1
25,1,771,718,368,73,1,1,1,1
25,2,2160,645,135,54,1,1,1,1
25,3,1408,661,121,53,1,1,1,1
25,4,227,726,223,66,1,1,1,1
26,1,784,718,359,72,1,1,1,1
26,2,2163,646,132,53,1,1,1,1
26,3,1408,662,119,52,1,1,1,1
26,4,226,727,222,65,1,1,1,1
27,1,792,717,355,71,1,1,1,1
27,2,2165,645,132,53,1,1,1,1
27,3,1407,663,119,51,1,1,1,1
27,4,225,728,217,63,1,1,1,1
28,1,800,717,359,72,1,1,1,1
28,2,2167,645,132,53,1,1,1,1
28,3,1405,663,121,51,1,1,1,1
28,4,223,729,217,64,1,1,1,1
29,1,809,717,353,71,1,1,1,1
29,2,2170,646,130,52,1,1,1,1
29,3,1404,663,121,52,1,1,1,1
29,4,216,726,226,67,1,1,1,1
30,1,817,717,348,71,1,1,1,1
30,2,2173,645,129,52,1,1,1,1
30,3,1401,663,122,52,1,1,1,1
30,4,211,725,231,68,1,1,1,1
31,1,825,717,344,69,1,1,1,1
31,2,2176,646,127,51,1,1,1,1
31,3,1400,663,121,52,1,1,1,1
31,4,210,725,230,68,1,1,1,1
32,1,836,717,339,68,1,1,1,1
32,2,2179,647,125,49,1,1,1,1
32,3,1399,662,121,52,1,1,1,1
32,4,208,725,229,69,1,1,1,1
33,1,845,716,335,67,1,1,1,1
33,2,2182,647,124,49,1,1,1,1
33,3,1397,662,122,52,1,1,1,1
33,4,205,725,233,69,1,1,1,1
34,1,851,716,337,67,1,1,1,1
34,2,2182,646,129,51,1,1,1,1
34,3,1396,663,121,51,1,1,1,1
34,4,205,726,228,68,1,1,1,1
35,1,862,716,331,66,1,1,1,1
35,2,2185,646,127,51,1,1,1,1
35,3,1395,663,121,51,1,1,1,1
35,4,204,726,225,67,1,1,1,1
36,1,865,715,338,68,1,1,1,1
36,2,2187,645,128,51,1,1,1,1
36,3,1394,663,121,51,1,1,1,1
36,4,200,726,227,68,1,1,1,1
37,1,871,714,340,69,1,1,1,1
37,2,2189,645,128,51,1,1,1,1
37,3,1391,663,123,52,1,1,1,1
37,4,198,726,227,68,1,1,1,1
38,1,879,714,338,68,1,1,1,1
38,2,2191,645,129,51,1,1,1,1
38,3,1390,663,123,51,1,1,1,1
38,4,197,726,225,67,1,1,1,1
39,1,886,714,336,68,1,1,1,1
39,2,2193,646,128,51,1,1,1,1
39,3,1388,662,125,53,1,1,1,1
39,4,195,726,226,68,1,1,1,1
40,1,891,712,339,69,1,1,1,1
40,2,2194,646,130,51,1,1,1,1
40,3,1387,662,125,53,1,1,1,1
40,4,193,726,225,67,1,1,1,1
41,1,899,712,341,70,1,1,1,1
41,2,2194,644,135,54,1,1,1,1
41,3,1385,663,124,51,1,1,1,1
41,4,190,726,228,68,1,1,1,1
42,1,908,712,337,69,1,1,1,1
42,2,2198,644,133,53,1,1,1,1
42,3,1382,662,127,53,1,1,1,1
42,4,188,726,227,69,1,1,1,1
43,1,916,711,337,68,1,1,1,1
43,2,2200,644,133,54,1,1,1,1
43,3,1380,662,129,53,1,1,1,1
43,4,188,727,223,67,1,1,1,1
44,1,922,710,336,69,1,1,1,1
44,2,2205,645,129,52,1,1,1,1
44,3,1379,662,128,53,1,1,1,1
44,4,184,726,227,69,1,1,1,1
45,1,929,710,333,68,1,1,1,1
45,2,2204,644,132,53,1,1,1,1
45,3,1377,662,128,53,1,1,1,1
45,4,185,729,219,66,1,1,1,1
46,1,938,710,329,67,1,1,1,1
46,2,2207,643,132,53,1,1,1,1
46,3,1375,662,129,54,1,1,1,1
46,4,183,730,217,65,1,1,1,1
47,1,947,710,325,67,1,1,1,1
47,2,2211,644,128,52,1,1,1,1
47,3,1374,663,129,53,1,1,1,1
47,4,183,732,213,63,1,1,1,1
48,1,951,709,329,67,1,1,1,1
48,2,2213,645,127,51,1,1,1,1
48,3,1374,664,127,52,1,1,1,1
48,4,179,731,217,64,1,1,1,1
49,1,954,708,336,69,1,1,1,1
49,2,2217,646,124,50,1,1,1,1
49,3,1372,663,127,53,1,1,1,1
49,4,175,732,219,63,1,1,1,1
50,1,957,707,341,70,1,1,1,1
50,2,2220,646,123,49,1,1,1,1
50,3,1371,663,127,53,1,1,1,1
50,4,172,731,221,64,1,1,1,1
51,1,967,707,336,69,1,1,1,1
51,2,2219,644,129,52,1,1,1,1
51,3,1370,664,126,52,1,1,1,1
51,4,170,731,221,64,1,1,1,1
52,1,974,706,334,69,1,1,1,1
52,2,2221,644,129,52,1,1,1,1
52,3,1369,664,126,53,1,1,1,1
52,4,166,731,222,64,1,1,1,1
53,1,982,706,332,69,1,1,1,1
53,2,2226,644,123,51,1,1,1,1
53,3,1366,664,129,53,1,1,1,1
53,4,168,734,214,61,1,1,1,1
54,1,989,705,330,69,1,1,1,1
54,2,2226,644,127,51,1,1,1,1
54,3,1365,664,129,53,1,1,1,1
54,4,165,734,214,61,1,1,1,1
55,1,996,706,327,68,1,1,1,1
55,2,2229,644,127,52,1,1,1,1
55,3,1363,664,130,54,1,1,1,1
55,4,160,733,219,62,1,1,1,1
56,1,1003,705,325,69,1,1,1,1
56,2,2234,645,122,49,1,1,1,1
56,3,1361,664,130,54,1,1,1,1
56,4,158,733,219,62,1,1,1,1
57,1,1013,705,319,67,1,1,1,1
57,2,2236,644,123,50,1,1,1,1
57,3,1360,664,129,53,1,1,1,1
57,4,155,734,220,62,1,1,1,1
58,1,1022,705,316,66,1,1,1,1
58,2,2237,644,123,50,1,1,1,1
58,3,1359,663,127,53,1,1,1,1
58,4,154,734,219,61,1,1,1,1
59,1,1025,705,319,67,1,1,1,1
59,2,2239,644,123,50,1,1,1,1
59,3,1358,664,127,53,1,1,1,1
59,4,148,734,225,63,1,1,1,1
60,1,1032,705,316,66,1,1,1,1
60,2,2243,644,119,49,1,1,1,1
60,3,1356,663,127,53,1,1,1,1
60,4,147,734,224,62,1,1,1,1
61,1,1036,705,319,67,1,1,1,1
61,2,2244,644,121,49,1,1,1,1
61,3,1355,663,127,53,1,1,1,1
61,4,146,735,222,61,1,1,1,1
62,1,1042,704,318,67,1,1,1,1
62,2,2247,645,119,48,1,1,1,1
62,3,1353,663,129,54,1,1,1,1
62,4,143,735,223,62,1,1,1,1
63,1,1046,704,318,67,1,1,1,1
63,2,2248,644,121,49,1,1,1,1
63,3,1351,662,127,53,1,1,1,1
63,4,142,735,222,61,1,1,1,1
64,1,1051,704,318,67,1,1,1,1
64,2,2250,644,122,49,1,1,1,1
64,3,1350,664,127,53,1,1,1,1
64,4,137,735,227,62,1,1,1,1
65,1,1055,703,318,67,1,1,1,1
65,2,2252,644,121,49,1,1,1,1
65,3,1347,661,127,53,1,1,1,1
65,4,133,736,229,62,1,1,1,1
66,1,1059,703,318,67,1,1,1,1
66,2,2253,643,123,50,1,1,1,1
66,3,1347,661,127,53,1,1,1,1
66,4,130,736,232,63,1,1,1,1
67,1,1063,703,318,67,1,1,1,1
67,2,2256,643,121,49,1,1,1,1
67,3,1346,663,129,54,1,1,1,1
67,4,128,736,231,63,1,1,1,1
68,1,1068,703,318,67,1,1,1,1
68,2,2258,643,121,49,1,1,1,1
68,3,1343,661,127,53,1,1,1,1
68,4,127,736,229,63,1,1,1,1
69,1,1072,703,318,67,1,1,1,1
69,2,2260,643,122,49,1,1,1,1
69,3,1342,664,127,53,1,1,1,1
69,4,124,737,229,62,1,1,1,1
70,1,1076,703,318,67,1,1,1,1
70,2,2261,642,122,50,1,1,1,1
70,3,1338,659,127,53,1,1,1,1
70,4,121,737,231,63,1,1,1,1
71,1,1080,703,318,67,1,1,1,1
71,2,2265,643,120,49,1,1,1,1
71,3,1339,659,127,53,1,1,1,1
71,4,117,736,233,63,1,1,1,1
72,1,1084,703,318,67,1,1,1,1
72,2,2268,643,119,49,1,1,1,1
72,3,1339,663,129,54,1,1,1,1
72,4,115,736,233,63,1,1,1,1
73,1,1089,703,318,67,1,1,1,1
73,2,2269,643,120,49,1,1,1,1
73,3,1335,660,127,53,1,1,1,1
73,4,114,737,231,62,1,1,1,1
74,1,1093,703,318,67,1,1,1,1
74,2,2273,643,116,47,1,1,1,1
74,3,1334,664,127,53,1,1,1,1
74,4,113,738,229,61,1,1,1,1
75,1,1097,702,318,67,1,1,1,1
75,2,2273,643,120,49,1,1,1,1
75,3,1329,657,127,53,1,1,1,1
75,4,110,738,230,61,1,1,1,1
76,1,1101,702,318,67,1,1,1,1
76,2,2275,643,119,49,1,1,1,1
76,3,1331,657,127,53,1,1,1,1
76,4,104,737,237,64,1,1,1,1
77,1,1105,702,318,67,1,1,1,1
77,2,2276,643,121,49,1,1,1,1
77,3,1332,663,129,54,1,1,1,1
77,4,101,737,236,63,1,1,1,1
78,1,1109,702,318,67,1,1,1,1
78,2,2278,643,121,49,1,1,1,1
78,3,1327,659,127,53,1,1,1,1
78,4,99,737,235,63,1,1,1,1
79,1,1113,702,318,67,1,1,1,1
79,2,2279,641,122,51,1,1,1,1
79,3,1326,664,127,53,1,1,1,1
79,4,95,738,237,64,1,1,1,1
80,1,1117,702,318,67,1,1,1,1
80,2,2281,641,123,51,1,1,1,1
80,3,1320,655,127,53,1,1,1,1
80,4,90,738,242,65,1,1,1,1
81,1,1121,702,318,67,1,1,1,1
81,2,2283,641,122,51,1,1,1,1
81,3,1323,655,127,53,1,1,1,1
81,4,88,737,241,65,1,1,1,1
82,1,1125,702,318,67,1,1,1,1
82,2,2286,643,116,48,1,1,1,1
82,3,1325,663,129,54,1,1,1,1
82,4,86,737,241,65,1,1,1,1
83,1,1129,702,318,67,1,1,1,1
83,2,2290,644,113,47,1,1,1,1
83,3,1319,658,127,53,1,1,1,1
83,4,86,738,237,64,1,1,1,1
84,1,1133,702,318,67,1,1,1,1
84,2,2290,642,118,50,1,1,1,1
84,3,1318,664,127,53,1,1,1,1
84,4,84,738,237,64,1,1,1,1
85,1,1137,702,318,67,1,1,1,1
85,2,2292,642,118,49,1,1,1,1
85,3,1311,653,127,53,1,1,1,1
85,4,80,739,238,64,1,1,1,1
86,1,1141,701,318,67,1,1,1,1
86,2,2294,642,118,49,1,1,1,1
86,3,1315,653,127,53,1,1,1,1
86,4,77,739,240,65,1,1,1,1
87,1,1145,701,318,67,1,1,1,1
87,2,2296,642,119,49,1,1,1,1
87,3,1318,663,129,54,1,1,1,1
87,4,74,739,243,65,1,1,1,1
88,1,1149,701,318,67,1,1,1,1
88,2,2297,642,120,49,1,1,1,1
88,3,1311,657,127,53,1,1,1,1
88,4,70,738,245,66,1,1,1,1
89,1,1153,701,318,67,1,1,1,1
89,2,2300,642,118,49,1,1,1,1
89,3,1310,664,127,53,1,1,1,1
89,4,67,738,245,66,1,1,1,1
90,1,1156,701,318,67,1,1,1,1
90,2,2303,643,115,47,1,1,1,1
90,3,1302,651,127,53,1,1,1,1
90,4,65,738,245,67,1,1,1,1
91,1,1160,701,318,67,1,1,1,1
91,2,2307,644,111,45,1,1,1,1
91,3,1307,651,127,53,1,1,1,1
91,4,60,739,249,67,1,1,1,1
92,1,1164,701,318,67,1,1,1,1
92,2,2308,643,115,47,1,1,1,1
92,3,1311,663,129,54,1,1,1,1
92,4,57,738,251,68,1,1,1,1
93,1,1168,701,318,67,1,1,1,1
93,2,2309,643,116,48,1,1,1,1
93,3,1303,656,127,53,1,1,1,1
93,4,55,738,249,67,1,1,1,1
94,1,1172,701,318,67,1,1,1,1
94,2,2310,643,117,48,1,1,1,1
94,3,1302,664,127,53,1,1,1,1
94,4,48,737,257,70,1,1,1,1
95,1,1176,701,318,67,1,1,1,1
95,2,2312,643,117,48,1,1,1,1
95,3,1293,649,127,53,1,1,1,1
95,4,50,739,250,68,1,1,1,1
96,1,1180,701,318,67,1,1,1,1
96,2,2313,642,117,48,1,1,1,1
96,3,1299,649,127,53,1,1,1,1
96,4,50,739,246,67,1,1,1,1
97,1,1183,700,318,67,1,1,1,1
97,2,2312,641,121,50,1,1,1,1
97,3,1304,663,129,54,1,1,1,1
97,4,49,740,243,65,1,1,1,1
98,1,1187,700,318,67,1,1,1,1
98,2,2316,641,119,49,1,1,1,1
98,3,1295,655,127,53,1,1,1,1
98,4,45,740,246,67,1,1,1,1
99,1,1191,700,318,67,1,1,1,1
99,2,2318,641,119,49,1,1,1,1
99,3,1294,664,127,53,1,1,1,1
99,4,41,739,248,67,1,1,1,1
100,1,1195,700,318,67,1,1,1,1
100,2,2319,642,116,48,1,1,1,1
100,3,1284,647,127,53,1,1,1,1
100,4,39,739,246,66,1,1,1,1
101,1,1250,698,295,62,1,1,1,1
101,2,2321,643,115,47,1,1,1,1
101,3,1294,662,117,48,1,1,1,1
101,4,34,739,250,67,1,1,1,1
102,1,1254,698,295,62,1,1,1,1
102,2,2325,643,112,47,1,1,1,1
102,3,1297,663,129,54,1,1,1,1
102,4,29,739,255,69,1,1,1,1
103,1,1258,698,295,62,1,1,1,1
103,2,2327,643,112,47,1,1,1,1
103,3,1287,654,127,53,1,1,1,1
103,4,25,738,256,69,1,1,1,1
104,1,1262,698,295,62,1,1,1,1
104,2,2329,643,114,46,1,1,1,1
104,3,1286,664,127,53,1,1,1,1
104,4,21,737,260,71,1,1,1,1
105,1,1265,698,295,62,1,1,1,1
105,2,2331,643,112,46,1,1,1,1
105,3,1275,645,127,53,1,1,1,1
105,4,20,739,256,70,1,1,1,1
106,1,1292,696,287,61,1,1,1,1
106,2,2332,643,114,47,1,1,1,1
106,3,1285,661,124,51,1,1,1,1
106,4,16,739,256,70,1,1,1,1
107,1,1296,696,287,61,1,1,1,1
107,2,2335,643,112,46,1,1,1,1
107,3,1290,663,129,54,1,1,1,1
107,4,11,739,259,71,1,1,1,1
108,1,1299,696,287,61,1,1,1,1
108,2,2339,643,109,45,1,1,1,1
108,3,1279,653,127,53,1,1,1,1
108,4,10,740,257,70,1,1,1,1
109,1,1303,695,287,61,1,1,1,1
109,2,2340,642,111,46,1,1,1,1
109,3,1278,664,127,53,1,1,1,1
109,4,8,740,256,71,1,1,1,1
110,1,1306,695,287,61,1,1,1,1
110,2,2344,643,108,43,1,1,1,1
110,3,1266,643,127,53,1,1,1,1
110,4,7,741,253,69,1,1,1,1
111,1,1310,695,287,61,1,1,1,1
111,2,2344,643,108,44,1,1,1,1
111,3,1280,661,124,51,1,1,1,1
111,4,4,741,255,70,1,1,1,1
112,1,1314,695,287,61,1,1,1,1
112,2,2345,643,111,45,1,1,1,1
112,3,1283,663,129,54,1,1,1,1
112,4,0,741,257,71,1,1,1,1
113,1,1317,695,287,61,1,1,1,1
113,2,2347,644,112,45,1,1,1,1
113,3,1271,652,127,53,1,1,1,1
113,4,0,741,256,71,1,1,1,1
114,1,1321,695,287,61,1,1,1,1
114,2,2350,644,110,45,1,1,1,1
114,3,1270,664,127,53,1,1,1,1
114,4,0,741,255,72,1,1,1,1
115,1,1324,695,287,61,1,1,1,1
115,2,2350,643,113,46,1,1,1,1
115,3,1257,641,127,53,1,1,1,1
115,4,0,741,251,71,1,1,1,1
116,1,1352,691,273,59,1,1,1,1
116,2,2352,643,113,46,1,1,1,1
116,3,1268,661,123,51,1,1,1,1
116,4,0,742,248,69,1,1,1,1
117,1,1355,691,273,59,1,1,1,1
117,2,2355,643,111,45,1,1,1,1
117,3,1276,663,129,54,1,1,1,1
117,4,0,742,245,69,1,1,1,1
118,1,1359,691,273,59,1,1,1,1
118,2,2353,641,119,48,1,1,1,1
118,3,1263,651,127,53,1,1,1,1
118,4,0,743,242,66,1,1,1,1
119,1,1362,691,273,59,1,1,1,1
119,2,2354,640,119,48,1,1,1,1
119,3,1262,664,127,53,1,1,1,1
119,4,0,742,241,67,1,1,1,1
120,1,1366,691,273,59,1,1,1,1
120,2,2355,639,120,49,1,1,1,1
120,3,1248,639,127,53,1,1,1,1
120,4,0,742,239,67,1,1,1,1
121,1,1369,690,273,59,1,1,1,1
121,2,2358,640,117,48,1,1,1,1
121,3,1255,661,123,51,1,1,1,1
121,4,0,742,238,67,1,1,1,1
122,1,1372,690,273,59,1,1,1,1
122,2,2363,641,111,46,1,1,1,1
122,3,1269,663,129,54,1,1,1,1
122,4,0,742,236,67,1,1,1,1
123,1,1376,690,273,59,1,1,1,1
123,2,2362,639,116,49,1,1,1,1
123,3,1255,650,127,53,1,1,1,1
123,4,0,743,231,65,1,1,1,1
124,1,1380,690,273,59,1,1,1,1
124,2,2363,640,116,48,1,1,1,1
124,3,1254,664,127,53,1,1,1,1
124,4,1,744,226,63,1,1,1,1
125,1,1383,690,273,59,1,1,1,1
125,2,2366,641,113,47,1,1,1,1
125,3,1239,637,127,53,1,1,1,1
125,4,0,743,228,65,1,1,1,1
126,1,1399,687,269,58,1,1,1,1
126,2,2368,640,113,47,1,1,1,1
126,3,1239,643,128,53,1,1,1,1
126,4,0,744,229,65,1,1,1,1
127,1,1406,686,268,58,1,1,1,1
127,2,2370,640,113,47,1,1,1,1
127,4,0,744,227,65,1,1,1,1
128,1,1415,685,264,58,1,1,1,1
128,2,2373,640,111,47,1,1,1,1
128,4,0,744,226,65,1,1,1,1
128,6,1247,669,140,53,1,1,1,1
129,1,1422,685,257,57,1,1,1,1
129,2,2374,641,110,45,1,1,1,1
129,4,0,744,224,65,1,1,1,1
129,6,1246,668,140,53,1,1,1,1
130,1,1429,685,254,56,1,1,1,1
130,2,2377,641,110,45,1,1,1,1
130,4,0,744,222,65,1,1,1,1
130,6,1245,669,138,52,1,1,1,1
131,1,1433,685,252,56,1,1,1,1
131,2,2378,641,110,45,1,1,1,1
131,4,0,743,220,65,1,1,1,1
131,6,1240,667,144,55,1,1,1,1
132,1,1438,684,249,55,1,1,1,1
132,2,2379,641,111,46,1,1,1,1
132,4,0,744,215,63,1,1,1,1
132,6,1239,668,143,54,1,1,1,1
133,1,1444,685,248,55,1,1,1,1
133,2,2380,640,112,46,1,1,1,1
133,4,0,744,213,63,1,1,1,1
133,6,1238,668,142,55,1,1,1,1
134,1,1446,683,252,57,1,1,1,1
134,2,2382,640,111,46,1,1,1,1
134,4,0,744,211,63,1,1,1,1
134,6,1236,668,143,55,1,1,1,1
135,1,1453,684,248,56,1,1,1,1
135,2,2384,640,111,46,1,1,1,1
135,4,0,744,207,63,1,1,1,1
135,6,1233,668,145,55,1,1,1,1
136,1,1460,685,243,54,1,1,1,1
136,2,2387,640,110,46,1,1,1,1
136,4,0,744,205,63,1,1,1,1
136,6,1233,668,143,55,1,1,1,1
137,1,1466,685,239,53,1,1,1,1
137,2,2387,639,115,48,1,1,1,1
137,4,0,744,204,64,1,1,1,1
137,6,1231,668,144,55,1,1,1,1
138,1,1470,685,241,53,1,1,1,1
138,2,2389,639,116,49,1,1,1,1
138,4,0,745,200,63,1,1,1,1
138,6,1229,668,144,55,1,1,1,1
139,1,1473,684,242,54,1,1,1,1
139,2,2392,640,112,47,1,1,1,1
139,4,0,745,198,63,1,1,1,1
139,6,1228,670,143,54,1,1,1,1
140,1,1479,684,242,54,1,1,1,1
140,2,2395,640,112,47,1,1,1,1
140,4,0,745,195,63,1,1,1,1
140,6,1226,670,145,55,1,1,1,1
141,1,1481,684,247,55,1,1,1,1
141,2,2397,640,110,46,1,1,1,1
141,4,0,745,193,64,1,1,1,1
141,6,1225,669,145,55,1,1,1,1
142,1,1486,683,246,55,1,1,1,1
142,2,2399,641,106,44,1,1,1,1
142,4,0,746,192,63,1,1,1,1
142,6,1223,669,146,56,1,1,1,1
143,1,1490,683,247,55,1,1,1,1
143,2,2401,641,105,43,1,1,1,1
143,4,0,745,188,64,1,1,1,1
143,6,1221,669,147,56,1,1,1,1
144,1,1494,682,245,55,1,1,1,1
144,2,2402,641,107,43,1,1,1,1
144,4,0,745,184,63,1,1,1,1
144,6,1221,669,146,56,1,1,1,1
145,1,1499,682,242,55,1,1,1,1
145,2,2403,641,107,43,1,1,1,1
145,4,0,746,179,61,1,1,1,1
145,6,1218,668,149,57,1,1,1,1
146,1,1502,682,246,55,1,1,1,1
146,2,2404,640,108,45,1,1,1,1
146,4,0,746,178,62,1,1,1,1
146,6,1217,668,147,57,1,1,1,1
147,1,1507,681,245,55,1,1,1,1
147,2,2405,641,108,44,1,1,1,1
147,4,0,746,173,62,1,1,1,1
147,6,1217,669,144,55,1,1,1,1
148,1,1514,682,241,54,1,1,1,1
148,2,2405,640,109,45,1,1,1,1
148,4,0,747,169,61,1,1,1,1
148,6,1215,669,143,55,1,1,1,1
149,1,1516,682,242,55,1,1,1,1
149,2,2409,640,108,45,1,1,1,1
149,4,0,747,165,61,1,1,1,1
149,6,1214,670,143,54,1,1,1,1
150,1,1519,681,242,55,1,1,1,1
150,2,2410,639,109,45,1,1,1,1
150,4,0,747,164,62,1,1,1,1
150,6,1213,670,143,54,1,1,1,1
151,1,1524,681,241,55,1,1,1,1
151,2,2412,640,108,44,1,1,1,1
151,4,0,747,160,61,1,1,1,1
151,6,1213,671,140,53,1,1,1,1
152,1,1529,680,240,55,1,1,1,1
152,2,2414,640,108,44,1,1,1,1
152,4,0,747,158,62,1,1,1,1
152,6,1208,670,145,54,1,1,1,1
153,1,1533,680,240,55,1,1,1,1
153,2,2415,640,108,44,1,1,1,1
153,4,0,749,152,59,1,1,1,1
153,6,1206,669,146,55,1,1,1,1
154,1,1536,680,242,55,1,1,1,1
154,2,2416,639,110,45,1,1,1,1
154,4,0,749,149,59,1,1,1,1
154,6,1204,669,147,55,1,1,1,1
155,1,1542,679,242,56,1,1,1,1
155,2,2420,639,109,45,1,1,1,1
155,4,0,749,145,59,1,1,1,1
155,6,1201,669,151,56,1,1,1,1
156,1,1545,678,244,57,1,1,1,1
156,2,2423,640,107,43,1,1,1,1
156,4,0,750,141,58,1,1,1,1
156,6,1200,670,150,56,1,1,1,1
157,1,1552,680,236,55,1,1,1,1
157,2,2426,640,106,43,1,1,1,1
157,4,0,749,137,57,1,1,1,1
157,6,1199,670,149,55,1,1,1,1
158,1,1555,679,238,56,1,1,1,1
158,2,2425,639,109,45,1,1,1,1
158,4,0,749,134,57,1,1,1,1
158,6,1198,670,149,56,1,1,1,1
159,1,1559,678,238,56,1,1,1,1
159,2,2427,640,109,44,1,1,1,1
159,4,0,749,132,57,1,1,1,1
159,6,1196,670,150,56,1,1,1,1
160,1,1562,677,239,56,1,1,1,1
160,2,2429,639,106,44,1,1,1,1
160,4,0,749,129,57,1,1,1,1
160,6,1194,669,152,57,1,1,1,1
161,1,1568,677,234,56,1,1,1,1
161,2,2432,640,103,42,1,1,1,1
161,4,0,749,124,57,1,1,1,1
161,6,1193,670,151,56,1,1,1,1
162,1,1574,678,230,55,1,1,1,1
162,2,2431,640,106,43,1,1,1,1
162,4,0,750,119,56,1,1,1,1
162,6,1193,670,149,56,1,1,1,1
163,1,1578,677,231,55,1,1,1,1
163,2,2432,640,107,43,1,1,1,1
163,4,0,750,116,55,1,1,1,1
163,6,1191,670,149,55,1,1,1,1
164,1,1581,677,233,55,1,1,1,1
164,2,2434,641,104,41,1,1,1,1
164,4,0,750,112,55,1,1,1,1
164,6,1189,670,150,55,1,1,1,1
165,1,1584,677,232,55,1,1,1,1
165,2,2435,641,105,42,1,1,1,1
165,4,0,750,109,55,1,1,1,1
165,6,1188,670,151,55,1,1,1,1
166,1,1590,678,228,54,1,1,1,1
166,2,2435,640,107,43,1,1,1,1
166,4,0,750,107,55,1,1,1,1
166,6,1187,670,149,55,1,1,1,1
167,1,1597,679,222,53,1,1,1,1
167,2,2436,640,108,43,1,1,1,1
167,4,0,749,104,56,1,1,1,1
167,6,1186,670,149,55,1,1,1,1
168,1,1596,677,230,54,1,1,1,1
168,2,2439,640,108,43,1,1,1,1
168,4,0,748,101,58,1,1,1,1
168,6,1183,671,148,54,1,1,1,1
169,1,1604,678,222,53,1,1,1,1
169,2,2443,641,107,42,1,1,1,1
169,4,0,748,98,58,1,1,1,1
169,6,1182,671,146,53,1,1,1,1
170,1,1608,678,221,53,1,1,1,1
170,2,2446,641,103,41,1,1,1,1
170,4,0,748,95,58,1,1,1,1
170,6,1179,671,148,54,1,1,1,1
171,1,1610,677,225,54,1,1,1,1
171,2,2448,640,103,41,1,1,1,1
171,4,0,747,92,59,1,1,1,1
171,6,1178,671,150,54,1,1,1,1
172,1,1617,678,220,52,1,1,1,1
172,2,2451,641,100,39,1,1,1,1
172,4,0,747,89,59,1,1,1,1
172,6,1177,671,150,54,1,1,1,1
173,1,1621,677,221,53,1,1,1,1
173,2,2452,641,100,39,1,1,1,1
173,4,0,747,85,59,1,1,1,1
173,6,1175,670,152,55,1,1,1,1
174,1,1626,678,217,52,1,1,1,1
174,2,2454,640,100,40,1,1,1,1
174,4,0,748,80,57,1,1,1,1
174,6,1173,670,153,55,1,1,1,1
175,1,1628,678,218,52,1,1,1,1
175,2,2457,640,98,39,1,1,1,1
175,4,0,748,77,57,1,1,1,1
175,6,1171,670,155,56,1,1,1,1
176,1,1632,677,216,51,1,1,1,1
176,2,2458,640,98,39,1,1,1,1
176,4,0,748,74,58,1,1,1,1
176,6,1170,671,154,55,1,1,1,1
177,1,1636,677,217,51,1,1,1,1
177,2,2458,640,99,39,1,1,1,1
177,4,0,748,69,58,1,1,1,1
177,6,1167,671,155,56,1,1,1,1
178,1,1639,677,217,51,1,1,1,1
178,2,2458,639,101,40,1,1,1,1
178,4,0,750,64,55,1,1,1,1
178,6,1165,671,156,56,1,1,1,1
179,1,1642,676,218,52,1,1,1,1
179,2,2458,639,101,41,1,1,1,1
179,4,0,752,60,53,1,1,1,1
179,6,1162,670,159,58,1,1,1,1
180,1,1645,676,220,53,1,1,1,1
180,2,2459,640,100,40,1,1,1,1
180,4,0,753,56,51,1,1,1,1
180,6,1160,670,159,57,1,1,1,1
181,1,1649,676,222,53,1,1,1,1
181,2,2458,638,101,42,1,1,1,1
181,4,0,754,52,49,1,1,1,1
181,6,1159,670,159,58,1,1,1,1
182,1,1653,675,221,53,1,1,1,1
182,2,2460,638,99,41,1,1,1,1
182,4,0,753,50,51,1,1,1,1
182,6,1158,671,158,57,1,1,1,1
183,1,1656,676,221,53,1,1,1,1
183,2,2463,639,96,40,1,1,1,1
183,4,0,751,48,54,1,1,1,1
183,6,1157,671,157,57,1,1,1,1
184,1,1659,676,223,54,1,1,1,1
184,2,2464,639,95,41,1,1,1,1
184,4,0,752,44,52,1,1,1,1
184,6,1156,671,157,57,1,1,1,1
185,1,1663,676,223,54,1,1,1,1
185,2,2464,638,95,42,1,1,1,1
185,4,0,752,40,52,1,1,1,1
185,6,1154,671,158,57,1,1,1,1
186,1,1668,675,220,54,1,1,1,1
186,2,2464,637,95,44,1,1,1,1
186,4,0,753,36,50,1,1,1,1
186,6,1152,671,157,57,1,1,1,1
187,1,1671,674,219,54,1,1,1,1
187,2,2467,637,92,43,1,1,1,1
187,4,0,753,34,50,1,1,1,1
187,6,1151,671,157,57,1,1,1,1
188,1,1673,674,221,53,1,1,1,1
188,2,2470,637,89,43,1,1,1,1
188,6,1150,671,156,57,1,1,1,1
189,1,1676,673,225,55,1,1,1,1
189,2,2471,638,88,42,1,1,1,1
189,6,1149,671,154,57,1,1,1,1
190,1,1680,672,223,55,1,1,1,1
190,2,2474,639,85,41,1,1,1,1
190,6,1148,671,155,57,1,1,1,1
191,1,1684,672,220,55,1,1,1,1
191,2,2476,639,83,41,1,1,1,1
191,6,1145,671,156,57,1,1,1,1
192,1,1688,672,218,54,1,1,1,1
192,2,2476,639,83,41,1,1,1,1
192,6,1144,672,154,56,1,1,1,1
193,1,1694,672,213,53,1,1,1,1
193,2,2480,641,79,39,1,1,1,1
193,6,1140,672,157,57,1,1,1,1
194,1,1695,671,217,55,1,1,1,1
194,2,2482,640,77,39,1,1,1,1
194,6,1138,672,157,58,1,1,1,1
195,1,1698,671,219,55,1,1,1,1
195,2,2484,640,75,39,1,1,1,1
195,6,1136,672,157,58,1,1,1,1
196,1,1703,671,214,55,1,1,1,1
196,2,2485,641,74,39,1,1,1,1
196,6,1135,673,157,58,1,1,1,1
197,1,1706,670,215,55,1,1,1,1
197,2,2486,640,73,39,1,1,1,1
197,6,1134,673,156,57,1,1,1,1
198,1,1712,671,212,54,1,1,1,1
198,2,2483,640,76,41,1,1,1,1
198,6,1132,673,157,58,1,1,1,1
199,1,1716,671,211,54,1,1,1,1
199,2,2486,641,73,39,1,1,1,1
199,6,1130,673,159,58,1,1,1,1
200,1,1722,672,205,53,1,1,1,1
200,2,2489,641,70,39,1,1,1,1
200,6,1128,672,159,59,1,1,1,1
201,1,1725,672,204,53,1,1,1,1
201,2,2488,640,71,40,1,1,1,1
201,6,1127,672,159,59,1,1,1,1
202,1,1728,672,207,53,1,1,1,1
202,2,2489,640,70,41,1,1,1,1
202,6,1125,672,160,60,1,1,1,1
203,1,1730,671,208,54,1,1,1,1
203,2,2490,640,69,41,1,1,1,1
203,6,1124,672,160,60,1,1,1,1
204,1,1736,670,205,54,1,1,1,1
204,2,2493,641,66,39,1,1,1,1
204,6,1123,672,159,59,1,1,1,1
205,1,1742,671,199,51,1,1,1,1
205,2,2496,642,63,38,1,1,1,1
205,6,1122,672,157,59,1,1,1,1
206,1,1745,671,199,51,1,1,1,1
206,2,2496,641,63,38,1,1,1,1
206,6,1122,674,151,56,1,1,1,1
207,1,1747,670,201,53,1,1,1,1
207,2,2496,641,63,38,1,1,1,1
207,6,1121,675,149,55,1,1,1,1
208,1,1750,670,199,52,1,1,1,1
208,6,1119,676,150,55,1,1,1,1
209,1,1755,670,198,52,1,1,1,1
209,6,1118,676,149,55,1,1,1,1
210,1,1757,669,200,53,1,1,1,1
210,6,1116,676,151,55,1,1,1,1
210,7,2512,641,47,39,1,1,1,1
211,1,1761,669,198,53,1,1,1,1
211,6,1112,676,154,55,1,1,1,1
211,7,2514,641,45,39,1,1,1,1
212,1,1767,669,194,51,1,1,1,1
212,6,1109,675,158,57,1,1,1,1
212,7,2514,641,45,39,1,1,1,1
213,1,1769,669,195,52,1,1,1,1
213,6,1107,675,158,57,1,1,1,1
213,7,2515,641,44,39,1,1,1,1
214,1,1774,670,191,51,1,1,1,1
214,6,1105,675,159,58,1,1,1,1
214,7,2516,641,43,40,1,1,1,1
215,1,1779,670,189,50,1,1,1,1
215,6,1102,675,162,58,1,1,1,1
215,7,2518,642,41,38,1,1,1,1
216,1,1780,669,191,51,1,1,1,1
216,6,1101,676,159,57,1,1,1,1
216,7,2518,642,41,38,1,1,1,1
217,1,1785,670,187,50,1,1,1,1
217,6,1098,675,163,59,1,1,1,1
218,1,1790,671,184,49,1,1,1,1
218,6,1096,675,163,59,1,1,1,1
219,1,1792,670,185,49,1,1,1,1
219,6,1094,674,163,60,1,1,1,1
220,1,1795,670,186,49,1,1,1,1
220,6,1094,675,160,59,1,1,1,1
221,1,1797,670,189,49,1,1,1,1
221,6,1094,675,159,59,1,1,1,1
222,1,1801,670,185,49,1,1,1,1
222,6,1092,675,159,59,1,1,1,1
223,1,1803,670,184,48,1,1,1,1
223,6,1092,675,157,58,1,1,1,1
224,1,1806,670,186,49,1,1,1,1
224,6,1090,675,157,58,1,1,1,1
225,1,1811,670,180,47,1,1,1,1
225,6,1087,675,159,58,1,1,1,1
226,1,1816,670,177,47,1,1,1,1
226,6,1086,675,157,57,1,1,1,1
227,1,1817,670,182,47,1,1,1,1
227,6,1084,674,159,59,1,1,1,1
228,1,1821,670,180,47,1,1,1,1
228,6,1082,675,159,58,1,1,1,1
229,1,1825,670,178,47,1,1,1,1
229,6,1081,676,157,57,1,1,1,1
230,1,1829,670,177,46,1,1,1,1
230,6,1079,676,157,57,1,1,1,1
231,1,1830,670,181,47,1,1,1,1
231,6,1075,675,160,59,1,1,1,1
232,1,1834,670,179,47,1,1,1,1
232,6,1073,676,161,58,1,1,1,1
233,1,1837,669,179,47,1,1,1,1
233,6,1073,676,159,57,1,1,1,1
234,1,1839,669,180,47,1,1,1,1
234,6,1072,676,158,57,1,1,1,1
235,1,1843,668,180,47,1,1,1,1
235,6,1069,676,161,58,1,1,1,1
236,1,1845,668,182,48,1,1,1,1
236,6,1066,675,164,59,1,1,1,1
237,1,1849,668,181,47,1,1,1,1
237,6,1064,675,163,59,1,1,1,1
238,1,1850,667,185,49,1,1,1,1
238,6,1063,675,161,59,1,1,1,1
239,1,1854,668,182,47,1,1,1,1
239,6,1063,676,159,57,1,1,1,1
240,1,1855,667,184,48,1,1,1,1
240,6,1061,676,160,58,1,1,1,1
241,1,1858,667,182,48,1,1,1,1
241,6,1061,676,157,57,1,1,1,1
242,1,1862,667,180,47,1,1,1,1
242,6,1062,679,150,53,1,1,1,1
243,1,1864,667,182,48,1,1,1,1
243,6,1060,678,151,53,1,1,1,1
244,1,1868,667,180,47,1,1,1,1
244,6,1058,678,151,53,1,1,1,1
245,1,1873,667,177,47,1,1,1,1
245,6,1055,678,153,53,1,1,1,1
246,1,1877,667,174,45,1,1,1,1
246,6,1052,678,156,54,1,1,1,1
247,1,1878,667,175,46,1,1,1,1
247,6,1047,677,163,56,1,1,1,1
248,1,1882,666,173,46,1,1,1,1
248,6,1045,677,163,56,1,1,1,1
249,1,1884,666,173,45,1,1,1,1
249,6,1044,678,161,55,1,1,1,1
250,1,1887,666,175,46,1,1,1,1
250,6,1041,678,163,55,1,1,1,1
251,1,1890,666,173,45,1,1,1,1
251,6,1040,678,163,55,1,1,1,1
252,1,1891,666,175,45,1,1,1,1
252,6,1037,678,165,56,1,1,1,1
253,1,1894,666,175,46,1,1,1,1
253,6,1033,678,167,57,1,1,1,1
254,1,1896,665,177,47,1,1,1,1
254,6,1031,678,169,57,1,1,1,1
255,1,1901,667,172,45,1,1,1,1
255,6,1029,677,169,58,1,1,1,1
256,1,1905,667,169,44,1,1,1,1
256,6,1028,677,168,57,1,1,1,1
257,1,1906,666,171,45,1,1,1,1
257,6,1025,677,169,57,1,1,1,1
258,1,1908,666,173,45,1,1,1,1
258,6,1023,677,169,57,1,1,1,1
259,1,1911,666,174,45,1,1,1,1
259,6,1021,677,169,58,1,1,1,1
260,1,1916,667,170,44,1,1,1,1
260,6,1021,678,167,57,1,1,1,1
261,1,1917,666,171,45,1,1,1,1
261,6,1019,679,166,56,1,1,1,1
262,1,1921,666,168,45,1,1,1,1
262,6,1017,679,166,56,1,1,1,1
263,1,1925,666,166,44,1,1,1,1
263,6,1015,679,166,56,1,1,1,1
264,1,1926,665,169,45,1,1,1,1
264,6,1011,678,170,57,1,1,1,1
265,1,1929,665,170,45,1,1,1,1
265,6,1010,678,169,57,1,1,1,1
266,1,1934,667,164,43,1,1,1,1
266,6,1009,678,167,56,1,1,1,1
267,1,1938,667,160,41,1,1,1,1
267,6,1007,678,169,57,1,1,1,1
268,1,1943,668,156,40,1,1,1,1
268,6,1005,679,168,56,1,1,1,1
269,1,1945,667,158,41,1,1,1,1
269,6,1002,680,169,56,1,1,1,1
270,1,1948,667,160,41,1,1,1,1
270,6,1001,680,167,55,1,1,1,1
271,1,1950,666,162,42,1,1,1,1
271,6,998,680,169,56,1,1,1,1
272,1,1954,666,162,41,1,1,1,1
272,6,997,680,167,55,1,1,1,1
273,1,1956,665,162,42,1,1,1,1
273,6,994,680,169,55,1,1,1,1
274,1,1958,665,163,42,1,1,1,1
274,6,992,680,170,55,1,1,1,1
275,1,1959,664,165,43,1,1,1,1
275,6,989,680,170,56,1,1,1,1
276,1,1960,664,168,43,1,1,1,1
276,6,987,680,169,55,1,1,1,1
277,1,1962,663,171,44,1,1,1,1
277,6,984,680,171,56,1,1,1,1
278,1,1966,664,165,43,1,1,1,1
278,6,983,680,171,56,1,1,1,1
279,1,1966,662,172,45,1,1,1,1
279,6,983,681,167,55,1,1,1,1
280,1,1972,664,164,43,1,1,1,1
280,6,980,681,169,55,1,1,1,1
281,1,1975,662,164,44,1,1,1,1
281,6,977,680,169,55,1,1,1,1
282,1,1978,663,162,43,1,1,1,1
282,6,976,681,168,54,1,1,1,1
283,1,1978,662,167,44,1,1,1,1
283,6,974,681,167,54,1,1,1,1
284,1,1978,660,171,46,1,1,1,1
284,6,971,681,169,55,1,1,1,1
285,1,1979,660,172,47,1,1,1,1
285,6,969,682,169,54,1,1,1,1
286,1,1985,661,166,45,1,1,1,1
286,6,966,682,169,54,1,1,1,1
287,1,1988,660,166,45,1,1,1,1
287,6,964,683,169,54,1,1,1,1
288,1,1991,660,163,45,1,1,1,1
288,6,962,683,169,54,1,1,1,1
289,1,1995,661,159,43,1,1,1,1
289,6,960,683,169,54,1,1,1,1
290,1,1998,661,158,43,1,1,1,1
290,6,958,683,168,53,1,1,1,1
291,1,2003,662,153,41,1,1,1,1
291,6,953,682,174,55,1,1,1,1
292,1,2007,662,152,41,1,1,1,1
292,6,952,682,172,55,1,1,1,1
293,1,2008,661,155,43,1,1,1,1
293,6,950,682,173,55,1,1,1,1
294,1,2010,661,155,42,1,1,1,1
294,6,948,683,172,54,1,1,1,1
295,1,2015,663,150,40,1,1,1,1
295,6,946,683,171,54,1,1,1,1
296,1,2019,663,147,39,1,1,1,1
296,6,944,684,171,54,1,1,1,1
297,1,2021,663,148,39,1,1,1,1
297,6,942,684,171,54,1,1,1,1
298,1,2024,662,147,39,1,1,1,1
298,6,941,684,169,53,1,1,1,1
299,1,2025,662,148,39,1,1,1,1
299,6,939,684,169,53,1,1,1,1
300,1,2028,662,147,39,1,1,1,1
300,6,936,684,171,54,1,1,1,1
301,1,2029,662,150,39,1,1,1,1
301,6,933,685,172,53,1,1,1,1
302,1,2032,662,149,39,1,1,1,1
302,6,930,685,173,54,1,1,1,1
303,1,2034,662,148,39,1,1,1,1
303,6,930,685,169,53,1,1,1,1
304,1,2034,661,153,41,1,1,1,1
304,6,928,685,168,53,1,1,1,1
305,1,2037,662,151,39,1,1,1,1
305,6,924,685,171,53,1,1,1,1
306,1,2040,662,150,39,1,1,1,1
306,6,922,684,172,53,1,1,1,1
307,1,2042,662,150,39,1,1,1,1
307,6,921,685,171,53,1,1,1,1
308,1,2043,661,153,40,1,1,1,1
308,6,919,685,170,53,1,1,1,1
309,1,2048,662,148,39,1,1,1,1
309,6,918,685,169,53,1,1,1,1
310,1,2050,662,149,39,1,1,1,1
310,6,913,686,173,53,1,1,1,1
311,1,2053,662,149,39,1,1,1,1
311,6,908,685,177,54,1,1,1,1
312,1,2056,663,146,37,1,1,1,1
312,6,906,684,178,55,1,1,1,1
313,1,2057,663,146,37,1,1,1,1
313,6,904,685,176,54,1,1,1,1
314,1,2058,662,149,38,1,1,1,1
314,6,903,686,174,53,1,1,1,1
315,1,2059,662,151,39,1,1,1,1
315,6,901,686,173,53,1,1,1,1
316,1,2063,662,148,39,1,1,1,1
316,6,899,687,171,52,1,1,1,1
317,1,2066,663,148,38,1,1,1,1
317,6,897,687,171,53,1,1,1,1
318,1,2073,663,143,37,1,1,1,1
318,6,894,688,171,52,1,1,1,1
319,1,2074,663,144,36,1,1,1,1
319,6,892,688,172,52,1,1,1,1
320,1,2076,661,145,38,1,1,1,1
320,6,890,688,172,52,1,1,1,1
321,1,2078,661,147,38,1,1,1,1
321,6,887,687,175,53,1,1,1,1
322,1,2081,661,144,37,1,1,1,1
322,6,883,687,177,53,1,1,1,1
323,1,2084,661,143,37,1,1,1,1
323,6,879,686,181,55,1,1,1,1
324,1,2085,660,148,39,1,1,1,1
324,6,879,687,177,53,1,1,1,1
325,1,2088,661,145,37,1,1,1,1
325,6,876,687,179,54,1,1,1,1
326,1,2091,661,145,37,1,1,1,1
326,6,873,687,181,55,1,1,1,1
327,1,2095,661,140,36,1,1,1,1
327,6,871,686,181,55,1,1,1,1
328,1,2095,661,145,37,1,1,1,1
328,6,868,686,183,56,1,1,1,1
329,1,2096,659,148,38,1,1,1,1
329,6,866,687,182,55,1,1,1,1
330,1,2096,658,149,39,1,1,1,1
330,6,865,688,178,53,1,1,1,1
331,1,2097,658,151,39,1,1,1,1
331,6,863,688,178,54,1,1,1,1
332,1,2102,658,147,39,1,1,1,1
332,6,862,688,177,53,1,1,1,1
333,1,2105,658,147,39,1,1,1,1
333,6,859,688,178,54,1,1,1,1
334,1,2109,658,142,38,1,1,1,1
334,6,858,688,177,53,1,1,1,1
335,1,2112,658,142,37,1,1,1,1
335,6,855,688,178,54,1,1,1,1
336,1,2113,658,141,37,1,1,1,1
336,6,852,689,179,53,1,1,1,1
337,1,2113,657,144,38,1,1,1,1
337,6,850,689,177,53,1,1,1,1
338,1,2114,656,146,39,1,1,1,1
338,6,846,688,181,55,1,1,1,1
339,1,2117,656,147,40,1,1,1,1
339,6,843,688,182,55,1,1,1,1
340,1,2122,658,138,37,1,1,1,1
340,6,841,689,181,54,1,1,1,1
341,1,2122,656,144,39,1,1,1,1
341,6,840,689,178,54,1,1,1,1
342,1,2126,656,142,39,1,1,1,1
342,6,837,689,178,53,1,1,1,1
343,1,2127,656,143,39,1,1,1,1
343,6,835,690,177,53,1,1,1,1
344,1,2132,657,136,37,1,1,1,1
344,6,834,691,174,51,1,1,1,1
345,1,2133,657,139,37,1,1,1,1
345,6,830,690,177,53,1,1,1,1
346,1,2134,656,142,38,1,1,1,1
346,6,827,690,179,53,1,1,1,1
347,1,2136,656,140,38,1,1,1,1
347,6,824,690,180,53,1,1,1,1
348,1,2139,656,139,38,1,1,1,1
348,6,821,689,184,55,1,1,1,1
349,1,2139,655,141,39,1,1,1,1
349,6,819,690,184,54,1,1,1,1
350,1,2143,656,139,38,1,1,1,1
350,6,816,690,185,54,1,1,1,1
351,1,2145,656,138,38,1,1,1,1
351,6,813,690,187,55,1,1,1,1
352,1,2148,657,136,37,1,1,1,1
352,6,810,690,188,55,1,1,1,1
353,1,2150,657,137,37,1,1,1,1
353,6,807,690,188,55,1,1,1,1
354,1,2154,657,133,37,1,1,1,1
354,6,804,690,189,55,1,1,1,1
355,1,2157,658,132,36,1,1,1,1
355,6,802,691,187,54,1,1,1,1
356,1,2158,657,136,37,1,1,1,1
356,6,799,690,189,55,1,1,1,1
357,1,2162,656,135,37,1,1,1,1
357,6,797,691,187,54,1,1,1,1
358,1,2163,657,135,37,1,1,1,1
358,6,795,692,185,53,1,1,1,1
359,1,2167,658,131,35,1,1,1,1
359,6,792,692,185,53,1,1,1,1
360,1,2169,658,133,35,1,1,1,1
360,6,790,692,185,53,1,1,1,1
361,1,2170,656,134,36,1,1,1,1
361,6,787,692,186,53,1,1,1,1
362,1,2172,656,134,36,1,1,1,1
362,6,785,692,187,53,1,1,1,1
363,1,2175,657,133,35,1,1,1,1
363,6,782,692,188,53,1,1,1,1
364,1,2177,657,132,35,1,1,1,1
364,6,778,692,191,54,1,1,1,1
365,1,2178,657,135,36,1,1,1,1
365,6,775,693,191,53,1,1,1,1
366,1,2182,657,132,35,1,1,1,1
366,6,772,693,192,54,1,1,1,1
367,1,2183,657,135,35,1,1,1,1
367,6,770,693,192,54,1,1,1,1
368,1,2185,657,132,35,1,1,1,1
368,6,767,693,191,53,1,1,1,1
369,1,2188,658,128,33,1,1,1,1
369,6,764,693,192,54,1,1,1,1
370,1,2186,657,134,35,1,1,1,1
370,6,762,693,191,53,1,1,1,1
371,1,2187,657,135,35,1,1,1,1
371,6,757,693,195,55,1,1,1,1
372,1,2190,657,133,35,1,1,1,1
372,6,755,693,194,55,1,1,1,1
373,1,2189,656,139,37,1,1,1,1
373,6,752,694,194,54,1,1,1,1
374,1,2191,655,141,38,1,1,1,1
374,6,751,694,192,53,1,1,1,1
375,1,2194,655,139,37,1,1,1,1
375,6,746,693,198,55,1,1,1,1
376,1,2198,655,136,37,1,1,1,1
376,6,743,693,198,55,1,1,1,1
377,1,2201,656,134,36,1,1,1,1
377,6,738,693,200,56,1,1,1,1
378,1,2203,656,134,36,1,1,1,1
378,6,737,694,197,55,1,1,1,1
379,1,2206,656,132,35,1,1,1,1
379,6,736,695,193,53,1,1,1,1
380,1,2206,655,135,36,1,1,1,1
380,6,733,695,194,54,1,1,1,1
381,1,2211,656,129,35,1,1,1,1
381,6,731,696,194,53,1,1,1,1
382,1,2210,656,132,35,1,1,1,1
382,6,728,695,195,54,1,1,1,1
383,1,2211,655,133,36,1,1,1,1
383,6,726,696,193,53,1,1,1,1
384,1,2214,655,133,36,1,1,1,1
384,6,725,697,190,52,1,1,1,1
385,1,2215,654,134,36,1,1,1,1
385,6,723,697,189,52,1,1,1,1
386,1,2216,654,134,37,1,1,1,1
386,6,719,696,192,53,1,1,1,1
387,1,2217,654,135,37,1,1,1,1
387,6,715,697,195,53,1,1,1,1
388,1,2220,654,132,37,1,1,1,1
388,6,712,697,197,53,1,1,1,1
389,1,2222,655,132,36,1,1,1,1
389,6,708,696,199,54,1,1,1,1
390,1,2222,654,136,37,1,1,1,1
390,6,706,697,197,53,1,1,1,1
391,1,2225,654,136,37,1,1,1,1
391,6,705,697,195,53,1,1,1,1
392,1,2227,654,135,37,1,1,1,1
392,6,702,697,195,53,1,1,1,1
393,1,2229,653,136,38,1,1,1,1
393,6,699,697,196,53,1,1,1,1
394,1,2232,653,134,37,1,1,1,1
394,6,697,697,196,53,1,1,1,1
395,1,2234,653,136,37,1,1,1,1
395,6,694,698,196,53,1,1,1,1
396,1,2236,653,133,37,1,1,1,1
396,6,691,698,197,53,1,1,1,1
397,1,2239,652,132,37,1,1,1,1
397,6,689,699,195,52,1,1,1,1
398,1,2241,652,134,37,1,1,1,1
398,6,687,699,195,53,1,1,1,1
399,1,2246,653,126,36,1,1,1,1
399,6,683,699,197,52,1,1,1,1
400,1,2248,653,127,36,1,1,1,1
400,6,678,699,201,53,1,1,1,1
400,9,14,788,35,74,1,1,1,1
401,1,2247,653,131,37,1,1,1,1
401,6,675,699,203,53,1,1,1,1
401,9,20,784,38,77,1,1,1,1
402,1,2248,652,131,37,1,1,1,1
402,6,671,699,203,54,1,1,1,1
402,9,27,782,44,81,1,1,1,1
403,1,2253,653,126,35,1,1,1,1
403,6,668,699,203,54,1,1,1,1
403,9,32,784,45,76,1,1,1,1
404,1,2255,653,124,35,1,1,1,1
404,6,666,699,203,54,1,1,1,1
404,9,39,783,44,77,1,1,1,1
405,1,2255,653,126,35,1,1,1,1
405,6,665,699,201,53,1,1,1,1
406,1,2257,653,127,36,1,1,1,1
406,6,663,700,201,53,1,1,1,1
406,10,9,765,135,91,1,1,1,1
407,1,2258,652,129,36,1,1,1,1
407,6,661,700,198,53,1,1,1,1
407,10,21,772,126,84,1,1,1,1
408,1,2261,653,129,36,1,1,1,1
408,6,656,700,200,53,1,1,1,1
408,10,29,769,132,86,1,1,1,1
409,1,2266,653,125,36,1,1,1,1
409,6,654,701,199,52,1,1,1,1
409,10,34,769,136,87,1,1,1,1
410,1,2268,653,125,36,1,1,1,1
410,6,653,701,197,52,1,1,1,1
410,10,38,767,144,88,1,1,1,1
411,1,2268,652,128,36,1,1,1,1
411,6,648,700,201,53,1,1,1,1
411,10,45,769,147,87,1,1,1,1
412,1,2269,651,128,37,1,1,1,1
412,6,644,700,202,53,1,1,1,1
412,10,52,771,150,84,1,1,1,1
413,1,2274,652,124,35,1,1,1,1
413,6,639,700,206,54,1,1,1,1
413,10,58,774,152,79,1,1,1,1
414,1,2274,652,126,36,1,1,1,1
414,6,636,701,207,53,1,1,1,1
414,10,59,771,162,80,1,1,1,1
415,1,2276,652,124,35,1,1,1,1
415,6,633,701,207,54,1,1,1,1
415,10,61,770,174,81,1,1,1,1
416,1,2277,650,131,38,1,1,1,1
416,6,630,701,208,54,1,1,1,1
416,10,63,769,186,82,1,1,1,1
417,1,2279,652,127,36,1,1,1,1
417,6,628,701,208,54,1,1,1,1
417,10,64,769,199,82,1,1,1,1
418,1,2282,651,126,37,1,1,1,1
418,6,627,701,206,54,1,1,1,1
418,10,64,767,208,81,1,1,1,1
419,1,2283,652,123,35,1,1,1,1
419,6,626,701,205,53,1,1,1,1
419,10,72,771,209,77,1,1,1,1
420,1,2282,651,125,36,1,1,1,1
420,6,623,701,205,53,1,1,1,1
420,10,80,770,217,75,1,1,1,1
421,1,2285,652,124,36,1,1,1,1
421,6,618,700,209,55,1,1,1,1
421,10,88,770,230,75,1,1,1,1
422,1,2285,652,124,36,1,1,1,1
422,6,614,700,210,55,1,1,1,1
422,10,97,770,238,74,1,1,1,1
423,1,2288,651,121,36,1,1,1,1
423,6,611,701,211,55,1,1,1,1
423,10,106,768,250,75,1,1,1,1
424,1,2291,651,123,36,1,1,1,1
424,6,608,701,211,55,1,1,1,1
424,10,115,767,258,74,1,1,1,1
425,1,2292,650,126,37,1,1,1,1
425,6,606,700,211,55,1,1,1,1
425,10,131,767,257,73,1,1,1,1
426,1,2296,651,124,36,1,1,1,1
426,6,603,700,213,56,1,1,1,1
426,10,140,766,266,73,1,1,1,1
427,1,2297,650,125,37,1,1,1,1
427,6,601,701,211,55,1,1,1,1
427,10,152,766,271,72,1,1,1,1
428,1,2299,650,125,37,1,1,1,1
428,6,599,701,210,55,1,1,1,1
428,10,161,765,279,73,1,1,1,1
429,1,2300,651,125,37,1,1,1,1
429,6,598,703,208,54,1,1,1,1
429,10,171,764,283,73,1,1,1,1
430,1,2303,650,125,37,1,1,1,1
430,6,595,702,208,55,1,1,1,1
430,10,186,764,286,72,1,1,1,1
431,1,2304,649,125,37,1,1,1,1
431,6,592,702,209,55,1,1,1,1
431,10,199,763,287,71,1,1,1,1
432,1,2306,650,123,36,1,1,1,1
432,6,587,702,212,56,1,1,1,1
432,10,210,762,292,72,1,1,1,1
433,1,2308,651,118,35,1,1,1,1
433,6,587,703,207,55,1,1,1,1
433,10,223,761,293,71,1,1,1,1
434,1,2310,650,121,36,1,1,1,1
434,6,583,703,209,55,1,1,1,1
434,10,234,761,297,71,1,1,1,1
435,1,2312,650,121,36,1,1,1,1
435,6,581,704,207,54,1,1,1,1
435,10,248,760,294,71,1,1,1,1
436,1,2310,650,126,37,1,1,1,1
436,6,577,704,211,55,1,1,1,1
436,10,261,759,296,71,1,1,1,1
437,1,2314,650,122,37,1,1,1,1
437,6,574,703,212,56,1,1,1,1
437,10,273,759,296,70,1,1,1,1
438,1,2317,650,119,36,1,1,1,1
438,6,573,703,210,55,1,1,1,1
438,10,286,758,296,70,1,1,1,1
439,1,2319,649,122,36,1,1,1,1
439,6,569,703,213,56,1,1,1,1
439,10,298,756,296,70,1,1,1,1
440,1,2321,648,121,37,1,1,1,1
440,6,566,706,207,54,1,1,1,1
440,10,304,756,296,70,1,1,1,1
441,1,2320,649,120,36,1,1,1,1
441,6,563,706,211,55,1,1,1,1
441,10,309,756,296,70,1,1,1,1
442,1,2320,649,123,37,1,1,1,1
442,6,561,704,212,56,1,1,1,1
442,10,315,756,296,70,1,1,1,1
443,1,2321,648,122,37,1,1,1,1
443,6,561,703,210,55,1,1,1,1
443,10,321,756,296,70,1,1,1,1
444,1,2322,648,127,38,1,1,1,1
444,6,557,704,213,56,1,1,1,1
444,10,327,756,296,70,1,1,1,1
445,1,2327,648,120,36,1,1,1,1
445,6,551,708,207,54,1,1,1,1
445,10,332,755,296,70,1,1,1,1
446,1,2330,650,119,36,1,1,1,1
446,6,549,708,211,55,1,1,1,1
446,10,338,755,296,70,1,1,1,1
447,1,2331,649,119,36,1,1,1,1
447,6,548,705,212,56,1,1,1,1
447,10,344,755,296,70,1,1,1,1
448,1,2331,648,121,37,1,1,1,1
448,6,549,703,210,55,1,1,1,1
448,10,349,755,296,70,1,1,1,1
449,1,2336,648,118,36,1,1,1,1
449,6,545,705,213,56,1,1,1,1
449,10,355,755,296,70,1,1,1,1
450,1,2338,649,117,35,1,1,1,1
450,6,536,710,207,54,1,1,1,1
450,10,360,755,296,70,1,1,1,1
451,1,2339,649,116,35,1,1,1,1
451,6,535,710,211,55,1,1,1,1
451,10,366,754,296,70,1,1,1,1
452,1,2340,649,119,35,1,1,1,1
452,6,535,706,212,56,1,1,1,1
452,10,371,754,296,70,1,1,1,1
453,1,2343,650,116,34,1,1,1,1
453,6,537,703,210,55,1,1,1,1
453,10,377,754,296,70,1,1,1,1
454,1,2349,649,115,34,1,1,1,1
454,6,533,706,213,56,1,1,1,1
454,10,382,754,296,70,1,1,1,1
455,1,2347,648,122,36,1,1,1,1
455,6,521,712,207,54,1,1,1,1
455,10,388,754,296,70,1,1,1,1
456,1,2349,647,119,36,1,1,1,1
456,6,521,712,211,55,1,1,1,1
456,10,393,754,296,70,1,1,1,1
457,1,2347,648,119,35,1,1,1,1
457,6,522,707,212,56,1,1,1,1
457,10,398,754,296,70,1,1,1,1
458,1,2349,647,121,36,1,1,1,1
458,6,525,703,210,55,1,1,1,1
458,10,404,753,296,70,1,1,1,1
459,1,2352,647,121,36,1,1,1,1
459,6,521,707,213,56,1,1,1,1
459,10,409,753,296,70,1,1,1,1
460,1,2352,647,117,35,1,1,1,1
460,6,506,714,207,54,1,1,1,1
460,10,414,753,296,70,1,1,1,1
461,1,2352,647,122,36,1,1,1,1
461,6,507,714,211,55,1,1,1,1
461,10,419,753,296,70,1,1,1,1
462,1,2356,647,125,37,1,1,1,1
462,6,509,708,212,56,1,1,1,1
462,10,425,753,296,70,1,1,1,1
463,1,2358,648,122,36,1,1,1,1
463,6,513,703,210,55,1,1,1,1
463,10,430,753,296,70,1,1,1,1
464,1,2361,647,119,36,1,1,1,1
464,6,509,708,213,56,1,1,1,1
464,10,435,752,296,70,1,1,1,1
465,1,2361,647,122,37,1,1,1,1
465,6,491,716,207,54,1,1,1,1
465,10,445,753,296,70,1,1,1,1
466,1,2361,647,122,37,1,1,1,1
466,6,493,716,211,55,1,1,1,1
466,10,451,752,296,70,1,1,1,1
466,11,625,739,246,62,1,1,1,1
467,1,2365,648,116,35,1,1,1,1
467,6,496,709,212,56,1,1,1,1
467,10,456,752,296,70,1,1,1,1
467,11,631,739,246,62,1,1,1,1
468,1,2363,647,121,36,1,1,1,1
468,6,501,703,210,55,1,1,1,1
468,10,461,752,296,70,1,1,1,1
469,1,2366,647,118,36,1,1,1,1
469,6,497,709,213,56,1,1,1,1
469,10,466,752,296,70,1,1,1,1
469,11,658,737,243,61,1,1,1,1
470,1,2367,648,117,35,1,1,1,1
470,6,476,718,207,54,1,1,1,1
470,10,472,752,296,70,1,1,1,1
470,11,667,736,242,61,1,1,1,1
471,1,2368,648,118,35,1,1,1,1
471,6,479,718,211,55,1,1,1,1
471,10,477,752,296,70,1,1,1,1
472,1,2370,648,115,35,1,1,1,1
472,6,483,710,212,56,1,1,1,1
472,10,482,752,296,70,1,1,1,1
472,11,692,736,234,59,1,1,1,1
473,1,2371,648,118,35,1,1,1,1
473,6,489,703,210,55,1,1,1,1
473,10,487,751,296,70,1,1,1,1
473,11,702,735,233,59,1,1,1,1
474,1,2373,648,115,35,1,1,1,1
474,6,485,710,213,56,1,1,1,1
474,10,492,751,296,70,1,1,1,1
475,1,2375,647,116,35,1,1,1,1
475,6,461,720,207,54,1,1,1,1
475,10,497,751,296,70,1,1,1,1
475,11,721,735,233,59,1,1,1,1
476,1,2378,648,114,34,1,1,1,1
476,6,465,720,211,55,1,1,1,1
476,10,502,751,296,70,1,1,1,1
476,11,730,734,233,59,1,1,1,1
477,1,2379,647,117,35,1,1,1,1
477,6,470,711,212,56,1,1,1,1
477,10,507,751,296,70,1,1,1,1
478,1,2381,647,113,35,1,1,1,1
478,6,477,703,210,55,1,1,1,1
478,10,512,751,296,70,1,1,1,1
478,11,748,731,233,59,1,1,1,1
479,1,2381,647,116,35,1,1,1,1
479,6,473,711,213,56,1,1,1,1
479,10,517,751,296,70,1,1,1,1
479,11,758,731,232,58,1,1,1,1
480,1,2382,646,115,35,1,1,1,1
480,6,446,722,207,54,1,1,1,1
480,10,522,750,296,70,1,1,1,1
481,1,2385,646,114,35,1,1,1,1
481,6,451,722,211,55,1,1,1,1
481,10,527,750,296,70,1,1,1,1
481,11,777,729,231,59,1,1,1,1
482,1,2387,647,113,34,1,1,1,1
482,6,457,712,212,56,1,1,1,1
482,10,532,750,296,70,1,1,1,1
482,11,786,728,231,59,1,1,1,1
483,1,2388,646,113,35,1,1,1,1
483,6,465,703,210,55,1,1,1,1
483,10,537,750,296,70,1,1,1,1
484,1,2391,646,112,35,1,1,1,1
484,6,461,712,213,56,1,1,1,1
484,10,542,750,296,70,1,1,1,1
484,11,802,727,233,60,1,1,1,1
485,1,2392,646,111,34,1,1,1,1
485,6,431,724,207,54,1,1,1,1
485,10,547,750,296,70,1,1,1,1
485,11,811,727,233,60,1,1,1,1
486,1,2393,647,111,34,1,1,1,1
486,6,437,724,211,55,1,1,1,1
486,10,552,750,296,70,1,1,1,1
487,1,2396,647,110,34,1,1,1,1
487,6,444,713,212,56,1,1,1,1
487,10,556,749,296,70,1,1,1,1
487,11,828,725,231,60,1,1,1,1
488,1,2398,647,110,34,1,1,1,1
488,6,453,703,210,55,1,1,1,1
488,10,561,749,296,70,1,1,1,1
488,11,837,725,231,60,1,1,1,1
489,1,2401,647,108,33,1,1,1,1
489,6,449,713,213,56,1,1,1,1
489,10,566,749,296,70,1,1,1,1
490,1,2404,648,103,32,1,1,1,1
490,6,416,726,207,54,1,1,1,1
490,10,570,749,296,70,1,1,1,1
490,11,859,724,220,57,1,1,1,1
491,1,2408,647,102,32,1,1,1,1
491,6,423,726,211,55,1,1,1,1
491,10,575,749,296,70,1,1,1,1
491,11,868,723,219,58,1,1,1,1
492,1,2405,647,107,33,1,1,1,1
492,6,431,714,212,56,1,1,1,1
492,10,580,749,296,70,1,1,1,1
493,1,2405,647,107,33,1,1,1,1
493,6,441,703,210,55,1,1,1,1
493,10,584,749,296,70,1,1,1,1
493,11,885,722,217,57,1,1,1,1
494,1,2406,646,112,34,1,1,1,1
494,6,437,714,213,56,1,1,1,1
494,10,589,749,296,70,1,1,1,1
494,11,892,721,218,58,1,1,1,1
495,1,2411,646,108,33,1,1,1,1
495,6,401,728,207,54,1,1,1,1
495,10,593,748,296,70,1,1,1,1
495,11,902,721,215,57,1,1,1,1
496,1,2410,645,107,33,1,1,1,1
496,6,409,728,211,55,1,1,1,1
496,10,597,748,296,70,1,1,1,1
496,11,911,720,213,57,1,1,1,1
497,1,2412,646,108,33,1,1,1,1
497,6,418,715,212,56,1,1,1,1
497,10,602,748,296,70,1,1,1,1
497,11,920,721,210,56,1,1,1,1
498,1,2413,646,110,33,1,1,1,1
498,6,429,703,210,55,1,1,1,1
498,10,606,748,296,70,1,1,1,1
498,11,931,720,205,55,1,1,1,1
499,1,2415,645,109,34,1,1,1,1
499,6,425,715,213,56,1,1,1,1
499,10,610,748,296,70,1,1,1,1
499,11,937,719,208,57,1,1,1,1
500,1,2415,645,110,34,1,1,1,1
500,6,386,730,207,54,1,1,1,1
500,10,615,748,296,70,1,1,1,1
500,11,945,719,206,56,1,1,1,1
501,1,2419,645,109,34,1,1,1,1
501,6,387,714,228,60,1,1,1,1
501,10,619,747,296,70,1,1,1,1
501,11,953,719,204,55,1,1,1,1
502,1,2420,645,110,34,1,1,1,1
502,6,379,711,238,62,1,1,1,1
502,11,963,720,200,54,1,1,1,1
503,1,2419,644,111,35,1,1,1,1
503,6,374,709,242,63,1,1,1,1
503,11,971,720,198,54,1,1,1,1
504,1,2421,645,110,34,1,1,1,1
504,6,369,709,246,63,1,1,1,1
504,11,976,718,202,55,1,1,1,1
505,1,2425,646,106,33,1,1,1,1
505,6,366,709,246,63,1,1,1,1
505,11,984,717,202,55,1,1,1,1
506,1,2428,646,105,33,1,1,1,1
506,6,362,709,246,63,1,1,1,1
506,11,993,718,199,54,1,1,1,1
507,1,2428,645,109,35,1,1,1,1
507,6,360,710,244,63,1,1,1,1
507,11,1000,718,198,54,1,1,1,1
508,1,2429,646,107,33,1,1,1,1
508,6,357,711,244,62,1,1,1,1
508,11,1007,717,197,54,1,1,1,1
509,1,2432,646,106,33,1,1,1,1
509,6,352,710,247,63,1,1,1,1
509,11,1015,716,198,55,1,1,1,1
510,1,2433,646,108,33,1,1,1,1
510,6,346,709,253,65,1,1,1,1
510,11,1022,716,198,55,1,1,1,1
511,1,2435,646,105,33,1,1,1,1
511,6,345,711,246,62,1,1,1,1
511,11,1029,715,198,55,1,1,1,1
512,1,2435,646,110,34,1,1,1,1
512,6,342,712,244,61,1,1,1,1
512,11,1033,714,202,56,1,1,1,1
513,1,2437,646,109,34,1,1,1,1
513,6,340,713,241,60,1,1,1,1
513,11,1041,713,200,56,1,1,1,1
514,1,2438,647,105,33,1,1,1,1
514,6,337,713,241,61,1,1,1,1
514,11,1049,713,199,56,1,1,1,1
515,1,2440,646,106,33,1,1,1,1
515,6,331,713,245,61,1,1,1,1
515,11,1058,713,196,55,1,1,1,1
516,1,2445,646,103,32,1,1,1,1
516,6,327,713,247,61,1,1,1,1
516,11,1064,712,196,56,1,1,1,1
517,1,2447,646,103,32,1,1,1,1
517,6,324,714,248,61,1,1,1,1
517,11,1073,713,192,55,1,1,1,1
518,1,2445,645,104,33,1,1,1,1
518,6,322,715,246,60,1,1,1,1
518,11,1081,713,188,53,1,1,1,1
519,1,2450,645,102,32,1,1,1,1
519,6,318,715,246,61,1,1,1,1
519,11,1088,713,189,53,1,1,1,1
520,1,2449,644,107,34,1,1,1,1
520,6,314,715,248,60,1,1,1,1
520,11,1094,711,190,55,1,1,1,1
521,1,2451,643,107,34,1,1,1,1
521,6,311,715,247,60,1,1,1,1
521,11,1098,711,193,55,1,1,1,1
522,1,2452,644,105,33,1,1,1,1
522,6,308,716,247,60,1,1,1,1
522,11,1105,710,193,56,1,1,1,1
523,1,2454,643,103,33,1,1,1,1
523,6,304,716,248,60,1,1,1,1
523,11,1113,709,190,55,1,1,1,1
524,1,2455,643,103,33,1,1,1,1
524,6,295,715,258,63,1,1,1,1
524,11,1121,709,187,55,1,1,1,1
525,1,2456,643,103,34,1,1,1,1
525,6,291,714,259,63,1,1,1,1
525,11,1128,709,186,54,1,1,1,1
526,1,2455,643,104,36,1,1,1,1
526,6,291,716,254,62,1,1,1,1
526,11,1133,708,186,54,1,1,1,1
527,1,2454,642,105,36,1,1,1,1
527,6,287,716,255,61,1,1,1,1
527,11,1142,708,183,53,1,1,1,1
528,1,2456,642,103,36,1,1,1,1
528,6,283,716,257,62,1,1,1,1
528,11,1149,708,181,53,1,1,1,1
529,1,2458,642,101,35,1,1,1,1
529,6,280,716,257,61,1,1,1,1
529,11,1155,707,182,53,1,1,1,1
530,1,2457,641,102,37,1,1,1,1
530,6,274,716,259,62,1,1,1,1
530,11,1161,707,183,54,1,1,1,1
531,1,2459,641,100,37,1,1,1,1
531,6,270,717,258,61,1,1,1,1
531,11,1167,707,182,53,1,1,1,1
532,1,2462,642,97,35,1,1,1,1
532,6,265,717,260,61,1,1,1,1
532,11,1175,707,178,53,1,1,1,1
533,1,2462,642,97,36,1,1,1,1
533,6,261,717,259,61,1,1,1,1
533,11,1182,707,177,52,1,1,1,1
534,1,2463,644,96,36,1,1,1,1
534,6,256,716,263,63,1,1,1,1
534,11,1187,705,178,53,1,1,1,1
535,1,2464,641,95,37,1,1,1,1
535,6,251,716,265,63,1,1,1,1
535,11,1193,705,178,53,1,1,1,1
536,1,2467,642,92,35,1,1,1,1
536,6,247,717,266,63,1,1,1,1
536,11,1199,706,176,52,1,1,1,1
537,1,2470,641,89,35,1,1,1,1
537,6,247,718,263,62,1,1,1,1
537,11,1205,706,176,52,1,1,1,1
538,1,2472,642,87,35,1,1,1,1
538,6,244,718,263,63,1,1,1,1
538,11,1213,706,172,51,1,1,1,1
539,1,2473,642,86,36,1,1,1,1
539,6,241,719,263,62,1,1,1,1
539,11,1219,705,173,51,1,1,1,1
540,1,2476,642,83,35,1,1,1,1
540,6,239,720,258,60,1,1,1,1
540,11,1223,704,177,52,1,1,1,1
541,1,2476,642,83,35,1,1,1,1
541,6,233,719,261,61,1,1,1,1
541,11,1231,705,172,50,1,1,1,1
542,1,2476,641,83,37,1,1,1,1
542,6,229,719,263,62,1,1,1,1
542,11,1236,705,170,50,1,1,1,1
543,1,2479,641,80,36,1,1,1,1
543,6,226,719,263,62,1,1,1,1
543,11,1239,703,177,52,1,1,1,1
544,1,2480,640,79,36,1,1,1,1
544,6,221,718,265,63,1,1,1,1
544,11,1245,702,176,53,1,1,1,1
545,1,2482,640,77,36,1,1,1,1
545,6,217,719,268,63,1,1,1,1
545,11,1251,702,175,52,1,1,1,1
546,1,2481,641,78,36,1,1,1,1
546,6,215,719,265,63,1,1,1,1
546,11,1257,701,175,52,1,1,1,1
547,1,2484,641,75,36,1,1,1,1
547,6,209,719,271,63,1,1,1,1
547,11,1264,702,172,51,1,1,1,1
548,1,2486,640,73,36,1,1,1,1
548,6,203,719,271,64,1,1,1,1
548,11,1270,701,171,51,1,1,1,1
549,1,2485,641,74,36,1,1,1,1
549,6,202,721,262,61,1,1,1,1
549,11,1274,700,174,52,1,1,1,1
550,1,2486,641,73,35,1,1,1,1
550,6,200,722,259,60,1,1,1,1
550,11,1280,700,172,51,1,1,1,1
551,1,2489,642,70,34,1,1,1,1
551,6,196,721,261,61,1,1,1,1
551,11,1286,699,172,52,1,1,1,1
552,1,2490,641,69,35,1,1,1,1
552,6,192,721,261,61,1,1,1,1
552,11,1293,700,168,51,1,1,1,1
553,1,2491,641,68,35,1,1,1,1
553,6,188,721,263,61,1,1,1,1
553,11,1299,700,166,50,1,1,1,1
554,1,2490,640,69,37,1,1,1,1
554,6,181,721,271,63,1,1,1,1
554,11,1306,700,163,49,1,1,1,1
555,1,2491,640,68,37,1,1,1,1
555,6,177,721,271,63,1,1,1,1
555,11,1309,699,167,51,1,1,1,1
556,1,2492,640,67,35,1,1,1,1
556,6,169,719,277,64,1,1,1,1
556,11,1314,698,167,51,1,1,1,1
557,1,2492,639,67,37,1,1,1,1
557,6,165,719,277,65,1,1,1,1
557,11,1320,697,168,51,1,1,1,1
558,1,2494,641,65,35,1,1,1,1
558,6,160,719,278,65,1,1,1,1
558,11,1326,698,165,50,1,1,1,1
559,1,2494,641,65,34,1,1,1,1
559,6,158,720,274,63,1,1,1,1
559,11,1332,698,164,50,1,1,1,1
560,6,154,720,276,64,1,1,1,1
560,11,1337,697,165,50,1,1,1,1
561,6,150,719,278,65,1,1,1,1
561,11,1342,696,166,51,1,1,1,1
562,6,146,719,280,65,1,1,1,1
562,11,1347,697,165,51,1,1,1,1
563,6,141,720,279,64,1,1,1,1
563,11,1352,696,165,51,1,1,1,1
564,6,135,720,283,65,1,1,1,1
564,11,1358,695,163,51,1,1,1,1
565,6,129,720,285,65,1,1,1,1
565,11,1363,695,162,51,1,1,1,1
566,6,125,720,285,66,1,1,1,1
566,11,1368,695,162,51,1,1,1,1
567,6,121,720,285,67,1,1,1,1
567,11,1375,694,160,51,1,1,1,1
568,6,116,721,286,66,1,1,1,1
568,11,1379,694,163,51,1,1,1,1
569,6,113,721,285,67,1,1,1,1
569,11,1384,694,161,51,1,1,1,1
570,6,108,721,288,66,1,1,1,1
570,11,1389,693,162,52,1,1,1,1
571,6,108,722,284,66,1,1,1,1
571,11,1396,693,158,51,1,1,1,1
572,6,99,723,292,68,1,1,1,1
572,11,1401,693,156,50,1,1,1,1
573,6,98,724,286,66,1,1,1,1
573,11,1407,692,156,50,1,1,1,1
574,6,93,723,288,67,1,1,1,1
574,11,1412,692,155,50,1,1,1,1
575,6,90,724,284,66,1,1,1,1
575,11,1417,692,155,50,1,1,1,1
576,6,85,725,285,66,1,1,1,1
576,11,1424,693,150,49,1,1,1,1
577,6,81,725,286,66,1,1,1,1
577,11,1427,691,153,50,1,1,1,1
578,6,80,726,284,65,1,1,1,1
578,11,1431,691,153,49,1,1,1,1
579,6,76,726,284,65,1,1,1,1
579,11,1439,691,149,49,1,1,1,1
580,6,73,726,285,65,1,1,1,1
580,11,1442,690,150,48,1,1,1,1
581,6,67,726,288,66,1,1,1,1
581,11,1447,690,149,49,1,1,1,1
582,6,61,727,290,66,1,1,1,1
582,11,1452,690,151,49,1,1,1,1
583,6,55,727,291,66,1,1,1,1
583,11,1457,689,149,49,1,1,1,1
584,6,52,728,291,66,1,1,1,1
584,11,1459,688,154,51,1,1,1,1
585,6,46,729,292,66,1,1,1,1
585,11,1465,688,151,51,1,1,1,1
586,6,41,728,295,67,1,1,1,1
586,11,1471,689,148,49,1,1,1,1
587,6,37,729,294,66,1,1,1,1
587,11,1475,688,149,50,1,1,1,1
588,6,32,729,297,67,1,1,1,1
588,11,1479,688,148,50,1,1,1,1
589,6,28,730,296,66,1,1,1,1
589,11,1484,688,148,50,1,1,1,1
590,6,25,731,295,66,1,1,1,1
590,11,1490,688,145,49,1,1,1,1
591,6,21,731,295,66,1,1,1,1
591,11,1496,688,143,49,1,1,1,1
592,6,16,731,297,66,1,1,1,1
592,11,1500,688,142,48,1,1,1,1
593,6,12,731,297,66,1,1,1,1
593,11,1504,688,142,48,1,1,1,1
594,6,7,730,300,67,1,1,1,1
594,11,1508,687,145,49,1,1,1,1
595,6,4,731,299,66,1,1,1,1
595,11,1509,685,150,52,1,1,1,1
596,6,2,731,295,66,1,1,1,1
596,11,1514,686,147,50,1,1,1,1
597,6,0,731,295,66,1,1,1,1
597,11,1520,686,145,50,1,1,1,1
598,6,0,731,293,66,1,1,1,1
598,11,1525,685,142,50,1,1,1,1
599,6,0,731,290,66,1,1,1,1
599,11,1530,686,140,48,1,1,1,1
600,6,0,731,288,67,1,1,1,1
600,11,1537,687,135,47,1,1,1,1
601,6,0,731,284,67,1,1,1,1
601,11,1537,685,141,49,1,1,1,1
602,6,0,730,285,69,1,1,1,1
602,11,1543,685,139,49,1,1,1,1
603,6,0,728,288,72,1,1,1,1
603,11,1546,684,141,49,1,1,1,1
604,6,0,727,287,72,1,1,1,1
604,11,1550,683,140,49,1,1,1,1
605,6,0,727,284,73,1,1,1,1
605,11,1556,684,137,47,1,1,1,1
606,6,0,727,277,72,1,1,1,1
606,11,1559,683,139,49,1,1,1,1
607,6,0,727,273,73,1,1,1,1
607,11,1565,684,136,47,1,1,1,1
608,6,0,726,273,74,1,1,1,1
608,11,1568,684,137,48,1,1,1,1
609,6,0,725,271,76,1,1,1,1
609,11,1571,683,139,48,1,1,1,1
610,6,0,727,264,74,1,1,1,1
610,11,1576,684,137,48,1,1,1,1
611,6,0,728,260,74,1,1,1,1
611,11,1580,683,136,48,1,1,1,1
612,6,0,729,257,75,1,1,1,1
612,11,1584,683,136,48,1,1,1,1
613,6,0,730,249,73,1,1,1,1
613,11,1588,683,136,48,1,1,1,1
614,6,0,732,243,72,1,1,1,1
614,11,1591,682,139,49,1,1,1,1
615,6,0,735,234,68,1,1,1,1
615,11,1596,681,137,49,1,1,1,1
616,6,0,734,232,69,1,1,1,1
616,11,1600,681,137,49,1,1,1,1
617,6,0,735,226,69,1,1,1,1
617,11,1603,679,139,50,1,1,1,1
618,6,0,736,224,69,1,1,1,1
618,11,1607,679,138,50,1,1,1,1
619,6,0,737,220,69,1,1,1,1
619,11,1612,680,136,49,1,1,1,1
620,6,0,737,217,70,1,1,1,1
620,11,1614,680,137,50,1,1,1,1
