2,250000000,568,728,409,77,1,1,1,1
2,330000000,2100,646,142,58,1,1,1,1
3,250000000,565,725,431,82,1,1,1,1
3,330000000,2105,648,136,55,1,1,1,1
3,190000000,275,723,220,65,1,1,1,1
4,250000000,582,726,415,79,1,1,1,1
4,330000000,2108,647,135,55,1,1,1,1
4,190000000,272,724,222,65,1,1,1,1
5,250000000,591,726,411,78,1,1,1,1
5,330000000,2109,646,138,57,1,1,1,1
5,190000000,269,723,222,65,1,1,1,1
6,250000000,599,726,413,79,1,1,1,1
6,330000000,2111,646,139,57,1,1,1,1
6,190000000,266,723,225,66,1,1,1,1
7,250000000,610,726,409,78,1,1,1,1
7,330000000,2114,646,138,56,1,1,1,1
7,190000000,266,724,221,65,1,1,1,1
8,250000000,625,726,393,76,1,1,1,1
8,330000000,2117,645,139,57,1,1,1,1
8,190000000,263,724,221,65,1,1,1,1
9,250000000,635,725,391,75,1,1,1,1
9,330000000,2121,647,135,55,1,1,1,1
9,190000000,262,724,221,65,1,1,1,1
10,250000000,636,723,401,78,1,1,1,1
10,330000000,2124,646,135,55,1,1,1,1
10,190000000,258,724,223,66,1,1,1,1
11,250000000,646,723,398,77,1,1,1,1
11,330000000,2126,646,137,56,1,1,1,1
11,190000000,257,724,221,66,1,1,1,1
12,250000000,660,723,389,76,1,1,1,1
12,330000000,2128,646,136,55,1,1,1,1
12,190000000,253,723,224,67,1,1,1,1
13,250000000,670,723,383,75,1,1,1,1
13,330000000,2131,647,135,54,1,1,1,1
13,190000000,251,723,225,67,1,1,1,1
14,250000000,678,723,380,74,1,1,1,1
14,330000000,2131,646,139,56,1,1,1,1
14,190000000,247,723,227,68,1,1,1,1
15,250000000,680,721,395,77,1,1,1,1
15,330000000,2135,646,136,55,1,1,1,1
15,190000000,247,724,224,67,1,1,1,1
16,250000000,692,721,387,75,1,1,1,1
16,330000000,2137,646,138,55,1,1,1,1
16,190000000,250,726,216,64,1,1,1,1
17,250000000,699,720,386,76,1,1,1,1
17,330000000,2138,645,140,57,1,1,1,1
17,190000000,249,727,216,64,1,1,1,1
18,250000000,710,720,381,75,1,1,1,1
18,330000000,2142,646,136,55,1,1,1,1
18,190000000,241,725,224,66,1,1,1,1
19,250000000,721,720,376,75,1,1,1,1
19,330000000,2144,646,137,55,1,1,1,1
19,190000000,236,724,227,68,1,1,1,1
20,250000000,730,720,373,74,1,1,1,1
20,330000000,2146,646,135,54,1,1,1,1
20,190000000,238,725,223,67,1,1,1,1
21,250000000,741,720,366,73,1,1,1,1
21,330000000,2150,646,133,53,1,1,1,1
21,190000000,237,726,221,65,1,1,1,1
22,250000000,748,720,364,72,1,1,1,1
22,330000000,2153,646,134,53,1,1,1,1
22,190000000,236,726,219,65,1,1,1,1
23,250000000,756,719,366,73,1,1,1,1
23,330000000,2155,646,135,53,1,1,1,1
23,190000000,236,728,212,62,1,1,1,1
24,250000000,765,718,366,73,1,1,1,1
24,330000000,2159,645,133,53,1,1,1,1
24,190000000,232,727,218,64,1,1,1,1
25,250000000,771,718,368,73,1,1,1,1
25,330000000,2160,645,135,54,1,1,1,1
25,190000000,227,726,223,66,1,1,1,1
26,250000000,784,718,359,72,1,1,1,1
26,330000000,2163,646,132,53,1,1,1,1
26,190000000,226,727,222,65,1,1,1,1
27,250000000,792,717,355,71,1,1,1,1
27,330000000,2165,645,132,53,1,1,1,1
27,190000000,225,728,217,63,1,1,1,1
28,250000000,800,717,359,72,1,1,1,1
28,330000000,2167,645,132,53,1,1,1,1
28,190000000,223,729,217,64,1,1,1,1
29,250000000,809,717,353,71,1,1,1,1
29,330000000,2170,646,130,52,1,1,1,1
29,190000000,216,726,226,67,1,1,1,1
30,250000000,817,717,348,71,1,1,1,1
30,330000000,2173,645,129,52,1,1,1,1
30,190000000,211,725,231,68,1,1,1,1
31,250000000,825,717,344,69,1,1,1,1
31,330000000,2176,646,127,51,1,1,1,1
31,190000000,210,725,230,68,1,1,1,1
32,250000000,836,717,339,68,1,1,1,1
32,330000000,2179,647,125,49,1,1,1,1
32,190000000,208,725,229,69,1,1,1,1
33,250000000,845,716,335,67,1,1,1,1
33,330000000,2182,647,124,49,1,1,1,1
33,190000000,205,725,233,69,1,1,1,1
34,250000000,851,716,337,67,1,1,1,1
34,330000000,2182,646,129,51,1,1,1,1
34,190000000,205,726,228,68,1,1,1,1
35,250000000,862,716,331,66,1,1,1,1
35,330000000,2185,646,127,51,1,1,1,1
35,190000000,204,726,225,67,1,1,1,1
36,250000000,865,715,338,68,1,1,1,1
36,330000000,2187,645,128,51,1,1,1,1
36,190000000,200,726,227,68,1,1,1,1
37,250000000,871,714,340,69,1,1,1,1
37,330000000,2189,645,128,51,1,1,1,1
37,190000000,198,726,227,68,1,1,1,1
38,250000000,879,714,338,68,1,1,1,1
38,330000000,2191,645,129,51,1,1,1,1
38,190000000,197,726,225,67,1,1,1,1
39,250000000,886,714,336,68,1,1,1,1
39,330000000,2193,646,128,51,1,1,1,1
39,190000000,195,726,226,68,1,1,1,1
40,250000000,891,712,339,69,1,1,1,1
40,330000000,2194,646,130,51,1,1,1,1
40,190000000,193,726,225,67,1,1,1,1
41,250000000,899,712,341,70,1,1,1,1
41,330000000,2194,644,135,54,1,1,1,1
41,190000000,190,726,228,68,1,1,1,1
42,250000000,908,712,337,69,1,1,1,1
42,330000000,2198,644,133,53,1,1,1,1
42,190000000,188,726,227,69,1,1,1,1
43,250000000,916,711,337,68,1,1,1,1
43,330000000,2200,644,133,54,1,1,1,1
43,190000000,188,727,223,67,1,1,1,1
44,250000000,922,710,336,69,1,1,1,1
44,330000000,2205,645,129,52,1,1,1,1
44,190000000,184,726,227,69,1,1,1,1
45,250000000,929,710,333,68,1,1,1,1
45,330000000,2204,644,132,53,1,1,1,1
45,190000000,185,729,219,66,1,1,1,1
46,250000000,938,710,329,67,1,1,1,1
46,330000000,2207,643,132,53,1,1,1,1
46,190000000,183,730,217,65,1,1,1,1
47,250000000,947,710,325,67,1,1,1,1
47,330000000,2211,644,128,52,1,1,1,1
47,190000000,183,732,213,63,1,1,1,1
48,250000000,951,709,329,67,1,1,1,1
48,330000000,2213,645,127,51,1,1,1,1
48,190000000,179,731,217,64,1,1,1,1
49,250000000,954,708,336,69,1,1,1,1
49,330000000,2217,646,124,50,1,1,1,1
49,190000000,175,732,219,63,1,1,1,1
50,250000000,957,707,341,70,1,1,1,1
50,330000000,2220,646,123,49,1,1,1,1
50,190000000,172,731,221,64,1,1,1,1
51,250000000,967,707,336,69,1,1,1,1
51,330000000,2219,644,129,52,1,1,1,1
51,190000000,170,731,221,64,1,1,1,1
52,250000000,974,706,334,69,1,1,1,1
52,330000000,2221,644,129,52,1,1,1,1
52,190000000,166,731,222,64,1,1,1,1
53,250000000,982,706,332,69,1,1,1,1
53,330000000,2226,644,123,51,1,1,1,1
53,190000000,168,734,214,61,1,1,1,1
54,250000000,989,705,330,69,1,1,1,1
54,330000000,2226,644,127,51,1,1,1,1
54,190000000,165,734,214,61,1,1,1,1
55,250000000,996,706,327,68,1,1,1,1
55,330000000,2229,644,127,52,1,1,1,1
55,190000000,160,733,219,62,1,1,1,1
56,250000000,1003,705,325,69,1,1,1,1
56,330000000,2234,645,122,49,1,1,1,1
56,190000000,158,733,219,62,1,1,1,1
57,250000000,1013,705,319,67,1,1,1,1
57,330000000,2236,644,123,50,1,1,1,1
57,190000000,155,734,220,62,1,1,1,1
58,250000000,1022,705,316,66,1,1,1,1
58,330000000,2237,644,123,50,1,1,1,1
58,190000000,154,734,219,61,1,1,1,1
59,250000000,1025,705,319,67,1,1,1,1
59,330000000,2239,644,123,50,1,1,1,1
59,190000000,148,734,225,63,1,1,1,1
60,250000000,1032,705,316,66,1,1,1,1
60,330000000,2243,644,119,49,1,1,1,1
60,190000000,147,734,224,62,1,1,1,1
61,250000000,1036,705,319,67,1,1,1,1
61,330000000,2244,644,121,49,1,1,1,1
61,190000000,146,735,222,61,1,1,1,1
62,250000000,1042,704,318,67,1,1,1,1
62,330000000,2247,645,119,48,1,1,1,1
62,190000000,143,735,223,62,1,1,1,1
63,250000000,1046,704,318,67,1,1,1,1
63,330000000,2248,644,121,49,1,1,1,1
63,190000000,142,735,222,61,1,1,1,1
64,250000000,1051,704,318,67,1,1,1,1
64,330000000,2250,644,122,49,1,1,1,1
64,190000000,137,735,227,62,1,1,1,1
65,250000000,1055,703,318,67,1,1,1,1
65,330000000,2252,644,121,49,1,1,1,1
65,190000000,133,736,229,62,1,1,1,1
66,250000000,1059,703,318,67,1,1,1,1
66,330000000,2253,643,123,50,1,1,1,1
66,190000000,130,736,232,63,1,1,1,1
67,250000000,1063,703,318,67,1,1,1,1
67,330000000,2256,643,121,49,1,1,1,1
67,190000000,128,736,231,63,1,1,1,1
68,250000000,1068,703,318,67,1,1,1,1
68,330000000,2258,643,121,49,1,1,1,1
68,190000000,127,736,229,63,1,1,1,1
69,250000000,1072,703,318,67,1,1,1,1
69,330000000,2260,643,122,49,1,1,1,1
69,190000000,124,737,229,62,1,1,1,1
70,250000000,1076,703,318,67,1,1,1,1
70,330000000,2261,642,122,50,1,1,1,1
70,190000000,121,737,231,63,1,1,1,1
71,250000000,1080,703,318,67,1,1,1,1
71,330000000,2265,643,120,49,1,1,1,1
71,190000000,117,736,233,63,1,1,1,1
72,250000000,1084,703,318,67,1,1,1,1
72,330000000,2268,643,119,49,1,1,1,1
72,190000000,115,736,233,63,1,1,1,1
73,250000000,1089,703,318,67,1,1,1,1
73,330000000,2269,643,120,49,1,1,1,1
73,190000000,114,737,231,62,1,1,1,1
74,250000000,1093,703,318,67,1,1,1,1
74,330000000,2273,643,116,47,1,1,1,1
74,190000000,113,738,229,61,1,1,1,1
75,250000000,1097,702,318,67,1,1,1,1
75,330000000,2273,643,120,49,1,1,1,1
75,190000000,110,738,230,61,1,1,1,1
76,250000000,1101,702,318,67,1,1,1,1
76,330000000,2275,643,119,49,1,1,1,1
76,190000000,104,737,237,64,1,1,1,1
77,250000000,1105,702,318,67,1,1,1,1
77,330000000,2276,643,121,49,1,1,1,1
77,190000000,101,737,236,63,1,1,1,1
78,250000000,1109,702,318,67,1,1,1,1
78,330000000,2278,643,121,49,1,1,1,1
78,190000000,99,737,235,63,1,1,1,1
79,250000000,1113,702,318,67,1,1,1,1
79,330000000,2279,641,122,51,1,1,1,1
79,190000000,95,738,237,64,1,1,1,1
80,250000000,1117,702,318,67,1,1,1,1
80,330000000,2281,641,123,51,1,1,1,1
80,190000000,90,738,242,65,1,1,1,1
81,250000000,1121,702,318,67,1,1,1,1
81,330000000,2283,641,122,51,1,1,1,1
81,190000000,88,737,241,65,1,1,1,1
82,250000000,1125,702,318,67,1,1,1,1
82,330000000,2286,643,116,48,1,1,1,1
82,190000000,86,737,241,65,1,1,1,1
83,250000000,1129,702,318,67,1,1,1,1
83,330000000,2290,644,113,47,1,1,1,1
83,190000000,86,738,237,64,1,1,1,1
84,250000000,1133,702,318,67,1,1,1,1
84,330000000,2290,642,118,50,1,1,1,1
84,190000000,84,738,237,64,1,1,1,1
85,250000000,1137,702,318,67,1,1,1,1
85,330000000,2292,642,118,49,1,1,1,1
85,190000000,80,739,238,64,1,1,1,1
86,250000000,1141,701,318,67,1,1,1,1
86,330000000,2294,642,118,49,1,1,1,1
86,190000000,77,739,240,65,1,1,1,1
87,250000000,1145,701,318,67,1,1,1,1
87,330000000,2296,642,119,49,1,1,1,1
87,190000000,74,739,243,65,1,1,1,1
88,250000000,1149,701,318,67,1,1,1,1
88,330000000,2297,642,120,49,1,1,1,1
88,190000000,70,738,245,66,1,1,1,1
89,250000000,1153,701,318,67,1,1,1,1
89,330000000,2300,642,118,49,1,1,1,1
89,190000000,67,738,245,66,1,1,1,1
90,250000000,1156,701,318,67,1,1,1,1
90,330000000,2303,643,115,47,1,1,1,1
90,190000000,65,738,245,67,1,1,1,1
91,250000000,1160,701,318,67,1,1,1,1
91,330000000,2307,644,111,45,1,1,1,1
91,190000000,60,739,249,67,1,1,1,1
92,250000000,1164,701,318,67,1,1,1,1
92,330000000,2308,643,115,47,1,1,1,1
92,190000000,57,738,251,68,1,1,1,1
93,250000000,1168,701,318,67,1,1,1,1
93,330000000,2309,643,116,48,1,1,1,1
93,190000000,55,738,249,67,1,1,1,1
94,250000000,1172,701,318,67,1,1,1,1
94,330000000,2310,643,117,48,1,1,1,1
94,190000000,48,737,257,70,1,1,1,1
95,250000000,1176,701,318,67,1,1,1,1
95,330000000,2312,643,117,48,1,1,1,1
95,190000000,50,739,250,68,1,1,1,1
96,250000000,1180,701,318,67,1,1,1,1
96,330000000,2313,642,117,48,1,1,1,1
96,190000000,50,739,246,67,1,1,1,1
97,250000000,1183,700,318,67,1,1,1,1
97,330000000,2312,641,121,50,1,1,1,1
97,190000000,49,740,243,65,1,1,1,1
98,250000000,1187,700,318,67,1,1,1,1
98,330000000,2316,641,119,49,1,1,1,1
98,190000000,45,740,246,67,1,1,1,1
99,250000000,1191,700,318,67,1,1,1,1
99,330000000,2318,641,119,49,1,1,1,1
99,190000000,41,739,248,67,1,1,1,1
100,250000000,1195,700,318,67,1,1,1,1
100,330000000,2319,642,116,48,1,1,1,1
100,190000000,39,739,246,66,1,1,1,1
101,250000000,1250,698,295,62,1,1,1,1
101,330000000,2321,643,115,47,1,1,1,1
101,190000000,34,739,250,67,1,1,1,1
102,250000000,1254,698,295,62,1,1,1,1
102,330000000,2325,643,112,47,1,1,1,1
102,190000000,29,739,255,69,1,1,1,1
103,250000000,1258,698,295,62,1,1,1,1
103,330000000,2327,643,112,47,1,1,1,1
103,190000000,25,738,256,69,1,1,1,1
104,250000000,1262,698,295,62,1,1,1,1
104,330000000,2329,643,114,46,1,1,1,1
104,190000000,21,737,260,71,1,1,1,1
105,250000000,1265,698,295,62,1,1,1,1
105,330000000,2331,643,112,46,1,1,1,1
105,190000000,20,739,256,70,1,1,1,1
106,250000000,1292,696,287,61,1,1,1,1
106,330000000,2332,643,114,47,1,1,1,1
106,190000000,16,739,256,70,1,1,1,1
107,250000000,1296,696,287,61,1,1,1,1
107,330000000,2335,643,112,46,1,1,1,1
107,190000000,11,739,259,71,1,1,1,1
108,250000000,1299,696,287,61,1,1,1,1
108,330000000,2339,643,109,45,1,1,1,1
108,190000000,10,740,257,70,1,1,1,1
109,250000000,1303,695,287,61,1,1,1,1
109,330000000,2340,642,111,46,1,1,1,1
109,190000000,8,740,256,71,1,1,1,1
110,250000000,1306,695,287,61,1,1,1,1
110,330000000,2344,643,108,43,1,1,1,1
110,190000000,7,741,253,69,1,1,1,1
111,250000000,1310,695,287,61,1,1,1,1
111,330000000,2344,643,108,44,1,1,1,1
111,190000000,4,741,255,70,1,1,1,1
112,250000000,1314,695,287,61,1,1,1,1
112,330000000,2345,643,111,45,1,1,1,1
112,190000000,0,741,257,71,1,1,1,1
113,250000000,1317,695,287,61,1,1,1,1
113,330000000,2347,644,112,45,1,1,1,1
113,190000000,0,741,256,71,1,1,1,1
114,250000000,1321,695,287,61,1,1,1,1
114,330000000,2350,644,110,45,1,1,1,1
114,190000000,0,741,255,72,1,1,1,1
115,250000000,1324,695,287,61,1,1,1,1
115,330000000,2350,643,113,46,1,1,1,1
115,190000000,0,741,251,71,1,1,1,1
116,250000000,1352,691,273,59,1,1,1,1
116,330000000,2352,643,113,46,1,1,1,1
116,190000000,0,742,248,69,1,1,1,1
117,250000000,1355,691,273,59,1,1,1,1
117,330000000,2355,643,111,45,1,1,1,1
117,190000000,0,742,245,69,1,1,1,1
118,250000000,1359,691,273,59,1,1,1,1
118,330000000,2353,641,119,48,1,1,1,1
118,190000000,0,743,242,66,1,1,1,1
119,250000000,1362,691,273,59,1,1,1,1
119,330000000,2354,640,119,48,1,1,1,1
119,190000000,0,742,241,67,1,1,1,1
120,250000000,1366,691,273,59,1,1,1,1
120,330000000,2355,639,120,49,1,1,1,1
121,250000000,1369,690,273,59,1,1,1,1
121,330000000,2358,640,117,48,1,1,1,1
122,250000000,1372,690,273,59,1,1,1,1
122,330000000,2363,641,111,46,1,1,1,1
124,250000000,1380,690,273,59,1,1,1,1
124,330000000,2363,640,116,48,1,1,1,1
125,250000000,1383,690,273,59,1,1,1,1
125,330000000,2366,641,113,47,1,1,1,1
126,250000000,1399,687,269,58,1,1,1,1
126,330000000,2368,640,113,47,1,1,1,1
127,250000000,1406,686,268,58,1,1,1,1
127,330000000,2370,640,113,47,1,1,1,1
128,250000000,1415,685,264,58,1,1,1,1
128,330000000,2373,640,111,47,1,1,1,1
129,250000000,1422,685,257,57,1,1,1,1
129,330000000,2374,641,110,45,1,1,1,1
130,250000000,1429,685,254,56,1,1,1,1
130,330000000,2377,641,110,45,1,1,1,1
131,250000000,1433,685,252,56,1,1,1,1
131,330000000,2378,641,110,45,1,1,1,1
132,250000000,1438,684,249,55,1,1,1,1
132,330000000,2379,641,111,46,1,1,1,1
133,250000000,1444,685,248,55,1,1,1,1
133,330000000,2380,640,112,46,1,1,1,1
134,250000000,1446,683,252,57,1,1,1,1
134,330000000,2382,640,111,46,1,1,1,1
135,250000000,1453,684,248,56,1,1,1,1
135,330000000,2384,640,111,46,1,1,1,1
136,250000000,1460,685,243,54,1,1,1,1
136,330000000,2387,640,110,46,1,1,1,1
137,250000000,1466,685,239,53,1,1,1,1
137,330000000,2387,639,115,48,1,1,1,1
138,250000000,1470,685,241,53,1,1,1,1
138,330000000,2389,639,116,49,1,1,1,1
139,250000000,1473,684,242,54,1,1,1,1
139,330000000,2392,640,112,47,1,1,1,1
140,250000000,1479,684,242,54,1,1,1,1
140,330000000,2395,640,112,47,1,1,1,1
141,250000000,1481,684,247,55,1,1,1,1
141,330000000,2397,640,110,46,1,1,1,1
142,250000000,1486,683,246,55,1,1,1,1
142,330000000,2399,641,106,44,1,1,1,1
143,250000000,1490,683,247,55,1,1,1,1
143,330000000,2401,641,105,43,1,1,1,1
144,250000000,1494,682,245,55,1,1,1,1
144,330000000,2402,641,107,43,1,1,1,1
145,250000000,1499,682,242,55,1,1,1,1
145,330000000,2403,641,107,43,1,1,1,1
146,250000000,1502,682,246,55,1,1,1,1
146,330000000,2404,640,108,45,1,1,1,1
147,250000000,1507,681,245,55,1,1,1,1
147,330000000,2405,641,108,44,1,1,1,1
148,250000000,1514,682,241,54,1,1,1,1
148,330000000,2405,640,109,45,1,1,1,1
149,250000000,1516,682,242,55,1,1,1,1
149,330000000,2409,640,108,45,1,1,1,1
150,250000000,1519,681,242,55,1,1,1,1
150,330000000,2410,639,109,45,1,1,1,1
151,250000000,1524,681,241,55,1,1,1,1
151,330000000,2412,640,108,44,1,1,1,1
152,250000000,1529,680,240,55,1,1,1,1
152,330000000,2414,640,108,44,1,1,1,1
153,250000000,1533,680,240,55,1,1,1,1
153,330000000,2415,640,108,44,1,1,1,1
154,250000000,1536,680,242,55,1,1,1,1
154,330000000,2416,639,110,45,1,1,1,1
155,250000000,1542,679,242,56,1,1,1,1
155,330000000,2420,639,109,45,1,1,1,1
156,250000000,1545,678,244,57,1,1,1,1
156,330000000,2423,640,107,43,1,1,1,1
157,250000000,1552,680,236,55,1,1,1,1
157,330000000,2426,640,106,43,1,1,1,1
158,250000000,1555,679,238,56,1,1,1,1
158,330000000,2425,639,109,45,1,1,1,1
159,250000000,1559,678,238,56,1,1,1,1
159,330000000,2427,640,109,44,1,1,1,1
160,250000000,1562,677,239,56,1,1,1,1
160,330000000,2429,639,106,44,1,1,1,1
161,250000000,1568,677,234,56,1,1,1,1
161,330000000,2432,640,103,42,1,1,1,1
162,250000000,1574,678,230,55,1,1,1,1
162,330000000,2431,640,106,43,1,1,1,1
163,250000000,1578,677,231,55,1,1,1,1
163,330000000,2432,640,107,43,1,1,1,1
164,250000000,1581,677,233,55,1,1,1,1
164,330000000,2434,641,104,41,1,1,1,1
165,250000000,1584,677,232,55,1,1,1,1
165,330000000,2435,641,105,42,1,1,1,1
166,250000000,1590,678,228,54,1,1,1,1
166,330000000,2435,640,107,43,1,1,1,1
167,250000000,1597,679,222,53,1,1,1,1
167,330000000,2436,640,108,43,1,1,1,1
168,250000000,1596,677,230,54,1,1,1,1
168,330000000,2439,640,108,43,1,1,1,1
169,250000000,1604,678,222,53,1,1,1,1
169,330000000,2443,641,107,42,1,1,1,1
170,250000000,1608,678,221,53,1,1,1,1
170,330000000,2446,641,103,41,1,1,1,1
171,250000000,1610,677,225,54,1,1,1,1
171,330000000,2448,640,103,41,1,1,1,1
172,250000000,1617,678,220,52,1,1,1,1
172,330000000,2451,641,100,39,1,1,1,1
173,250000000,1621,677,221,53,1,1,1,1
173,330000000,2452,641,100,39,1,1,1,1
174,250000000,1626,678,217,52,1,1,1,1
174,330000000,2454,640,100,40,1,1,1,1
175,250000000,1628,678,218,52,1,1,1,1
175,330000000,2457,640,98,39,1,1,1,1
176,250000000,1632,677,216,51,1,1,1,1
176,330000000,2458,640,98,39,1,1,1,1
177,250000000,1636,677,217,51,1,1,1,1
177,330000000,2458,640,99,39,1,1,1,1
178,250000000,1639,677,217,51,1,1,1,1
178,330000000,2458,639,101,40,1,1,1,1
179,250000000,1642,676,218,52,1,1,1,1
179,330000000,2458,639,101,41,1,1,1,1
180,250000000,1645,676,220,53,1,1,1,1
180,330000000,2459,640,100,40,1,1,1,1
181,250000000,1649,676,222,53,1,1,1,1
181,330000000,2458,638,101,42,1,1,1,1
182,250000000,1653,675,221,53,1,1,1,1
182,330000000,2460,638,99,41,1,1,1,1
183,250000000,1656,676,221,53,1,1,1,1
183,330000000,2463,639,96,40,1,1,1,1
184,250000000,1659,676,223,54,1,1,1,1
184,330000000,2464,639,95,41,1,1,1,1
185,250000000,1663,676,223,54,1,1,1,1
185,330000000,2464,638,95,42,1,1,1,1
186,250000000,1668,675,220,54,1,1,1,1
186,330000000,2464,637,95,44,1,1,1,1
187,250000000,1671,674,219,54,1,1,1,1
187,330000000,2467,637,92,43,1,1,1,1
188,250000000,1673,674,221,53,1,1,1,1
188,330000000,2470,637,89,43,1,1,1,1
189,250000000,1676,673,225,55,1,1,1,1
189,330000000,2471,638,88,42,1,1,1,1
190,250000000,1680,672,223,55,1,1,1,1
190,330000000,2474,639,85,41,1,1,1,1
191,250000000,1684,672,220,55,1,1,1,1
191,330000000,2476,639,83,41,1,1,1,1
192,250000000,1688,672,218,54,1,1,1,1
192,330000000,2476,639,83,41,1,1,1,1
193,250000000,1694,672,213,53,1,1,1,1
193,330000000,2480,641,79,39,1,1,1,1
194,250000000,1695,671,217,55,1,1,1,1
194,330000000,2482,640,77,39,1,1,1,1
195,250000000,1698,671,219,55,1,1,1,1
195,330000000,2484,640,75,39,1,1,1,1
196,250000000,1703,671,214,55,1,1,1,1
196,330000000,2485,641,74,39,1,1,1,1
197,250000000,1706,670,215,55,1,1,1,1
197,330000000,2486,640,73,39,1,1,1,1
198,250000000,1712,671,212,54,1,1,1,1
198,330000000,2483,640,76,41,1,1,1,1
199,250000000,1716,671,211,54,1,1,1,1
199,330000000,2486,641,73,39,1,1,1,1
200,250000000,1722,672,205,53,1,1,1,1
200,330000000,2489,641,70,39,1,1,1,1
201,250000000,1725,672,204,53,1,1,1,1
201,330000000,2488,640,71,40,1,1,1,1
202,250000000,1728,672,207,53,1,1,1,1
202,330000000,2489,640,70,41,1,1,1,1
203,250000000,1730,671,208,54,1,1,1,1
203,330000000,2490,640,69,41,1,1,1,1
204,250000000,1736,670,205,54,1,1,1,1
204,330000000,2493,641,66,39,1,1,1,1
205,250000000,1742,671,199,51,1,1,1,1
205,330000000,2496,642,63,38,1,1,1,1
206,250000000,1745,671,199,51,1,1,1,1
206,330000000,2496,641,63,38,1,1,1,1
207,250000000,1747,670,201,53,1,1,1,1
207,330000000,2496,641,63,38,1,1,1,1
208,250000000,1750,670,199,52,1,1,1,1
209,250000000,1755,670,198,52,1,1,1,1
210,250000000,1757,669,200,53,1,1,1,1
210,410000000,2512,641,47,39,1,1,1,1
211,250000000,1761,669,198,53,1,1,1,1
211,410000000,2514,641,45,39,1,1,1,1
212,250000000,1767,669,194,51,1,1,1,1
212,410000000,2514,641,45,39,1,1,1,1
213,250000000,1769,669,195,52,1,1,1,1
213,410000000,2515,641,44,39,1,1,1,1
214,250000000,1774,670,191,51,1,1,1,1
214,410000000,2516,641,43,40,1,1,1,1
215,250000000,1779,670,189,50,1,1,1,1
215,410000000,2518,642,41,38,1,1,1,1
216,250000000,1780,669,191,51,1,1,1,1
216,410000000,2518,642,41,38,1,1,1,1
217,250000000,1785,670,187,50,1,1,1,1
218,250000000,1790,671,184,49,1,1,1,1
219,250000000,1792,670,185,49,1,1,1,1
220,250000000,1795,670,186,49,1,1,1,1
221,250000000,1797,670,189,49,1,1,1,1
222,250000000,1801,670,185,49,1,1,1,1
223,250000000,1803,670,184,48,1,1,1,1
224,250000000,1806,670,186,49,1,1,1,1
225,250000000,1811,670,180,47,1,1,1,1
226,250000000,1816,670,177,47,1,1,1,1
227,250000000,1817,670,182,47,1,1,1,1
228,250000000,1821,670,180,47,1,1,1,1
229,250000000,1825,670,178,47,1,1,1,1
230,250000000,1829,670,177,46,1,1,1,1
231,250000000,1830,670,181,47,1,1,1,1
232,250000000,1834,670,179,47,1,1,1,1
233,250000000,1837,669,179,47,1,1,1,1
234,250000000,1839,669,180,47,1,1,1,1
235,250000000,1843,668,180,47,1,1,1,1
236,250000000,1845,668,182,48,1,1,1,1
237,250000000,1849,668,181,47,1,1,1,1
238,250000000,1850,667,185,49,1,1,1,1
239,250000000,1854,668,182,47,1,1,1,1
240,250000000,1855,667,184,48,1,1,1,1
241,250000000,1858,667,182,48,1,1,1,1
242,250000000,1862,667,180,47,1,1,1,1
243,250000000,1864,667,182,48,1,1,1,1
244,250000000,1868,667,180,47,1,1,1,1
246,250000000,1877,667,174,45,1,1,1,1
247,250000000,1878,667,175,46,1,1,1,1
248,250000000,1882,666,173,46,1,1,1,1
249,250000000,1884,666,173,45,1,1,1,1
250,250000000,1887,666,175,46,1,1,1,1
251,250000000,1890,666,173,45,1,1,1,1
252,250000000,1891,666,175,45,1,1,1,1
253,250000000,1894,666,175,46,1,1,1,1
254,250000000,1896,665,177,47,1,1,1,1
255,250000000,1901,667,172,45,1,1,1,1
256,250000000,1905,667,169,44,1,1,1,1
257,250000000,1906,666,171,45,1,1,1,1
258,250000000,1908,666,173,45,1,1,1,1
259,250000000,1911,666,174,45,1,1,1,1
260,250000000,1916,667,170,44,1,1,1,1
261,250000000,1917,666,171,45,1,1,1,1
262,250000000,1921,666,168,45,1,1,1,1
263,250000000,1925,666,166,44,1,1,1,1
264,250000000,1926,665,169,45,1,1,1,1
265,250000000,1929,665,170,45,1,1,1,1
266,250000000,1934,667,164,43,1,1,1,1
267,250000000,1938,667,160,41,1,1,1,1
268,250000000,1943,668,156,40,1,1,1,1
269,250000000,1945,667,158,41,1,1,1,1
270,250000000,1948,667,160,41,1,1,1,1
271,250000000,1950,666,162,42,1,1,1,1
272,250000000,1954,666,162,41,1,1,1,1
273,250000000,1956,665,162,42,1,1,1,1
274,250000000,1958,665,163,42,1,1,1,1
275,250000000,1959,664,165,43,1,1,1,1
276,250000000,1960,664,168,43,1,1,1,1
277,250000000,1962,663,171,44,1,1,1,1
278,250000000,1966,664,165,43,1,1,1,1
279,250000000,1966,662,172,45,1,1,1,1
280,250000000,1972,664,164,43,1,1,1,1
281,250000000,1975,662,164,44,1,1,1,1
282,250000000,1978,663,162,43,1,1,1,1
283,250000000,1978,662,167,44,1,1,1,1
284,250000000,1978,660,171,46,1,1,1,1
285,250000000,1979,660,172,47,1,1,1,1
286,250000000,1985,661,166,45,1,1,1,1
287,250000000,1988,660,166,45,1,1,1,1
288,250000000,1991,660,163,45,1,1,1,1
289,250000000,1995,661,159,43,1,1,1,1
290,250000000,1998,661,158,43,1,1,1,1
291,250000000,2003,662,153,41,1,1,1,1
292,250000000,2007,662,152,41,1,1,1,1
293,250000000,2008,661,155,43,1,1,1,1
294,250000000,2010,661,155,42,1,1,1,1
295,250000000,2015,663,150,40,1,1,1,1
296,250000000,2019,663,147,39,1,1,1,1
297,250000000,2021,663,148,39,1,1,1,1
298,250000000,2024,662,147,39,1,1,1,1
299,250000000,2025,662,148,39,1,1,1,1
300,250000000,2028,662,147,39,1,1,1,1
301,250000000,2029,662,150,39,1,1,1,1
302,250000000,2032,662,149,39,1,1,1,1
303,250000000,2034,662,148,39,1,1,1,1
304,250000000,2034,661,153,41,1,1,1,1
305,250000000,2037,662,151,39,1,1,1,1
306,250000000,2040,662,150,39,1,1,1,1
307,250000000,2042,662,150,39,1,1,1,1
308,250000000,2043,661,153,40,1,1,1,1
309,250000000,2048,662,148,39,1,1,1,1
310,250000000,2050,662,149,39,1,1,1,1
311,250000000,2053,662,149,39,1,1,1,1
312,250000000,2056,663,146,37,1,1,1,1
313,250000000,2057,663,146,37,1,1,1,1
314,250000000,2058,662,149,38,1,1,1,1
315,250000000,2059,662,151,39,1,1,1,1
316,250000000,2063,662,148,39,1,1,1,1
317,250000000,2066,663,148,38,1,1,1,1
318,250000000,2073,663,143,37,1,1,1,1
319,250000000,2074,663,144,36,1,1,1,1
320,250000000,2076,661,145,38,1,1,1,1
321,250000000,2078,661,147,38,1,1,1,1
322,250000000,2081,661,144,37,1,1,1,1
323,250000000,2084,661,143,37,1,1,1,1
324,250000000,2085,660,148,39,1,1,1,1
325,250000000,2088,661,145,37,1,1,1,1
326,250000000,2091,661,145,37,1,1,1,1
327,250000000,2095,661,140,36,1,1,1,1
328,250000000,2095,661,145,37,1,1,1,1
329,250000000,2096,659,148,38,1,1,1,1
330,250000000,2096,658,149,39,1,1,1,1
331,250000000,2097,658,151,39,1,1,1,1
332,250000000,2102,658,147,39,1,1,1,1
333,250000000,2105,658,147,39,1,1,1,1
334,250000000,2109,658,142,38,1,1,1,1
335,250000000,2112,658,142,37,1,1,1,1
336,250000000,2113,658,141,37,1,1,1,1
337,250000000,2113,657,144,38,1,1,1,1
338,250000000,2114,656,146,39,1,1,1,1
339,250000000,2117,656,147,40,1,1,1,1
340,250000000,2122,658,138,37,1,1,1,1
341,250000000,2122,656,144,39,1,1,1,1
342,250000000,2126,656,142,39,1,1,1,1
343,250000000,2127,656,143,39,1,1,1,1
344,250000000,2132,657,136,37,1,1,1,1
345,250000000,2133,657,139,37,1,1,1,1
346,250000000,2134,656,142,38,1,1,1,1
347,250000000,2136,656,140,38,1,1,1,1
348,250000000,2139,656,139,38,1,1,1,1
349,250000000,2139,655,141,39,1,1,1,1
350,250000000,2143,656,139,38,1,1,1,1
351,250000000,2145,656,138,38,1,1,1,1
352,250000000,2148,657,136,37,1,1,1,1
353,250000000,2150,657,137,37,1,1,1,1
354,250000000,2154,657,133,37,1,1,1,1
355,250000000,2157,658,132,36,1,1,1,1
356,250000000,2158,657,136,37,1,1,1,1
357,250000000,2162,656,135,37,1,1,1,1
358,250000000,2163,657,135,37,1,1,1,1
359,250000000,2167,658,131,35,1,1,1,1
360,250000000,2169,658,133,35,1,1,1,1
361,250000000,2170,656,134,36,1,1,1,1
362,250000000,2172,656,134,36,1,1,1,1
363,250000000,2175,657,133,35,1,1,1,1
364,250000000,2177,657,132,35,1,1,1,1
365,250000000,2178,657,135,36,1,1,1,1
366,250000000,2182,657,132,35,1,1,1,1
368,250000000,2185,657,132,35,1,1,1,1
368,600000000,767,693,191,53,1,1,1,1
369,250000000,2188,658,128,33,1,1,1,1
370,250000000,2186,657,134,35,1,1,1,1
371,250000000,2187,657,135,35,1,1,1,1
372,250000000,2190,657,133,35,1,1,1,1
373,250000000,2189,656,139,37,1,1,1,1
374,250000000,2191,655,141,38,1,1,1,1
375,250000000,2194,655,139,37,1,1,1,1
376,250000000,2198,655,136,37,1,1,1,1
377,250000000,2201,656,134,36,1,1,1,1
378,250000000,2203,656,134,36,1,1,1,1
379,250000000,2206,656,132,35,1,1,1,1
380,250000000,2206,655,135,36,1,1,1,1
381,250000000,2211,656,129,35,1,1,1,1
382,250000000,2210,656,132,35,1,1,1,1
383,250000000,2211,655,133,36,1,1,1,1
384,250000000,2214,655,133,36,1,1,1,1
385,250000000,2215,654,134,36,1,1,1,1
386,250000000,2216,654,134,37,1,1,1,1
387,250000000,2217,654,135,37,1,1,1,1
388,250000000,2220,654,132,37,1,1,1,1
389,250000000,2222,655,132,36,1,1,1,1
390,250000000,2222,654,136,37,1,1,1,1
391,250000000,2225,654,136,37,1,1,1,1
392,250000000,2227,654,135,37,1,1,1,1
393,250000000,2229,653,136,38,1,1,1,1
394,250000000,2232,653,134,37,1,1,1,1
395,250000000,2234,653,136,37,1,1,1,1
396,250000000,2236,653,133,37,1,1,1,1
397,250000000,2239,652,132,37,1,1,1,1
398,250000000,2241,652,134,37,1,1,1,1
399,250000000,2246,653,126,36,1,1,1,1
400,250000000,2248,653,127,36,1,1,1,1
400,600000000,14,788,35,74,1,1,1,1
401,250000000,2247,653,131,37,1,1,1,1
401,600000000,20,784,38,77,1,1,1,1
402,250000000,2248,652,131,37,1,1,1,1
402,600000000,27,782,44,81,1,1,1,1
403,250000000,2253,653,126,35,1,1,1,1
403,600000000,32,784,45,76,1,1,1,1
404,250000000,2255,653,124,35,1,1,1,1
404,600000000,39,783,44,77,1,1,1,1
405,250000000,2255,653,126,35,1,1,1,1
406,250000000,2257,653,127,36,1,1,1,1
407,250000000,2258,652,129,36,1,1,1,1
408,250000000,2261,653,129,36,1,1,1,1
408,600000000,29,769,132,86,1,1,1,1
409,250000000,2266,653,125,36,1,1,1,1
409,600000000,34,769,136,87,1,1,1,1
410,250000000,2268,653,125,36,1,1,1,1
410,600000000,38,767,144,88,1,1,1,1
411,250000000,2268,652,128,36,1,1,1,1
411,600000000,45,769,147,87,1,1,1,1
412,250000000,2269,651,128,37,1,1,1,1
412,600000000,52,771,150,84,1,1,1,1
413,250000000,2274,652,124,35,1,1,1,1
413,600000000,58,774,152,79,1,1,1,1
414,250000000,2274,652,126,36,1,1,1,1
414,600000000,59,771,162,80,1,1,1,1
415,250000000,2276,652,124,35,1,1,1,1
415,600000000,61,770,174,81,1,1,1,1
416,250000000,2277,650,131,38,1,1,1,1
416,600000000,63,769,186,82,1,1,1,1
417,250000000,2279,652,127,36,1,1,1,1
417,600000000,64,769,199,82,1,1,1,1
418,250000000,2282,651,126,37,1,1,1,1
418,600000000,64,767,208,81,1,1,1,1
419,250000000,2283,652,123,35,1,1,1,1
419,600000000,72,771,209,77,1,1,1,1
420,250000000,2282,651,125,36,1,1,1,1
420,600000000,80,770,217,75,1,1,1,1
421,250000000,2285,652,124,36,1,1,1,1
421,600000000,88,770,230,75,1,1,1,1
422,250000000,2285,652,124,36,1,1,1,1
422,600000000,97,770,238,74,1,1,1,1
423,250000000,2288,651,121,36,1,1,1,1
423,600000000,106,768,250,75,1,1,1,1
424,250000000,2291,651,123,36,1,1,1,1
424,600000000,115,767,258,74,1,1,1,1
425,250000000,2292,650,126,37,1,1,1,1
425,600000000,131,767,257,73,1,1,1,1
426,250000000,2296,651,124,36,1,1,1,1
426,600000000,140,766,266,73,1,1,1,1
427,250000000,2297,650,125,37,1,1,1,1
427,600000000,152,766,271,72,1,1,1,1
428,250000000,2299,650,125,37,1,1,1,1
428,600000000,161,765,279,73,1,1,1,1
429,250000000,2300,651,125,37,1,1,1,1
429,600000000,171,764,283,73,1,1,1,1
430,250000000,2303,650,125,37,1,1,1,1
430,600000000,186,764,286,72,1,1,1,1
431,250000000,2304,649,125,37,1,1,1,1
431,600000000,199,763,287,71,1,1,1,1
432,250000000,2306,650,123,36,1,1,1,1
432,600000000,210,762,292,72,1,1,1,1
433,250000000,2308,651,118,35,1,1,1,1
433,600000000,223,761,293,71,1,1,1,1
434,250000000,2310,650,121,36,1,1,1,1
434,600000000,234,761,297,71,1,1,1,1
435,250000000,2312,650,121,36,1,1,1,1
435,600000000,248,760,294,71,1,1,1,1
436,250000000,2310,650,126,37,1,1,1,1
436,600000000,261,759,296,71,1,1,1,1
437,250000000,2314,650,122,37,1,1,1,1
437,600000000,273,759,296,70,1,1,1,1
438,250000000,2317,650,119,36,1,1,1,1
438,600000000,286,758,296,70,1,1,1,1
439,250000000,2319,649,122,36,1,1,1,1
439,600000000,298,756,296,70,1,1,1,1
440,250000000,2321,648,121,37,1,1,1,1
440,600000000,304,756,296,70,1,1,1,1
441,250000000,2320,649,120,36,1,1,1,1
441,600000000,309,756,296,70,1,1,1,1
442,250000000,2320,649,123,37,1,1,1,1
442,600000000,315,756,296,70,1,1,1,1
443,250000000,2321,648,122,37,1,1,1,1
443,600000000,321,756,296,70,1,1,1,1
444,250000000,2322,648,127,38,1,1,1,1
444,600000000,327,756,296,70,1,1,1,1
445,250000000,2327,648,120,36,1,1,1,1
445,600000000,332,755,296,70,1,1,1,1
446,250000000,2330,650,119,36,1,1,1,1
446,600000000,338,755,296,70,1,1,1,1
447,250000000,2331,649,119,36,1,1,1,1
447,600000000,344,755,296,70,1,1,1,1
448,250000000,2331,648,121,37,1,1,1,1
448,600000000,349,755,296,70,1,1,1,1
449,250000000,2336,648,118,36,1,1,1,1
449,600000000,355,755,296,70,1,1,1,1
450,250000000,2338,649,117,35,1,1,1,1
450,600000000,360,755,296,70,1,1,1,1
451,250000000,2339,649,116,35,1,1,1,1
451,600000000,366,754,296,70,1,1,1,1
452,250000000,2340,649,119,35,1,1,1,1
452,600000000,371,754,296,70,1,1,1,1
453,250000000,2343,650,116,34,1,1,1,1
453,600000000,377,754,296,70,1,1,1,1
454,250000000,2349,649,115,34,1,1,1,1
454,600000000,382,754,296,70,1,1,1,1
455,250000000,2347,648,122,36,1,1,1,1
455,600000000,388,754,296,70,1,1,1,1
456,250000000,2349,647,119,36,1,1,1,1
456,600000000,393,754,296,70,1,1,1,1
457,250000000,2347,648,119,35,1,1,1,1
457,600000000,398,754,296,70,1,1,1,1
458,250000000,2349,647,121,36,1,1,1,1
458,600000000,404,753,296,70,1,1,1,1
459,250000000,2352,647,121,36,1,1,1,1
459,600000000,409,753,296,70,1,1,1,1
460,250000000,2352,647,117,35,1,1,1,1
460,600000000,414,753,296,70,1,1,1,1
461,250000000,2352,647,122,36,1,1,1,1
461,600000000,419,753,296,70,1,1,1,1
462,250000000,2356,647,125,37,1,1,1,1
462,600000000,425,753,296,70,1,1,1,1
463,250000000,2358,648,122,36,1,1,1,1
463,600000000,430,753,296,70,1,1,1,1
464,250000000,2361,647,119,36,1,1,1,1
464,600000000,435,752,296,70,1,1,1,1
465,250000000,2361,647,122,37,1,1,1,1
465,600000000,445,753,296,70,1,1,1,1
466,250000000,2361,647,122,37,1,1,1,1
466,600000000,451,752,296,70,1,1,1,1
467,250000000,2365,648,116,35,1,1,1,1
467,600000000,456,752,296,70,1,1,1,1
468,250000000,2363,647,121,36,1,1,1,1
468,600000000,461,752,296,70,1,1,1,1
469,250000000,2366,647,118,36,1,1,1,1
469,600000000,466,752,296,70,1,1,1,1
470,250000000,2367,648,117,35,1,1,1,1
470,600000000,472,752,296,70,1,1,1,1
471,250000000,2368,648,118,35,1,1,1,1
471,600000000,477,752,296,70,1,1,1,1
472,250000000,2370,648,115,35,1,1,1,1
472,600000000,482,752,296,70,1,1,1,1
473,250000000,2371,648,118,35,1,1,1,1
473,600000000,487,751,296,70,1,1,1,1
474,250000000,2373,648,115,35,1,1,1,1
474,600000000,492,751,296,70,1,1,1,1
475,250000000,2375,647,116,35,1,1,1,1
475,600000000,497,751,296,70,1,1,1,1
476,250000000,2378,648,114,34,1,1,1,1
476,600000000,502,751,296,70,1,1,1,1
477,250000000,2379,647,117,35,1,1,1,1
477,600000000,507,751,296,70,1,1,1,1
478,250000000,2381,647,113,35,1,1,1,1
478,600000000,512,751,296,70,1,1,1,1
479,250000000,2381,647,116,35,1,1,1,1
479,600000000,517,751,296,70,1,1,1,1
480,250000000,2382,646,115,35,1,1,1,1
480,600000000,522,750,296,70,1,1,1,1
481,250000000,2385,646,114,35,1,1,1,1
481,600000000,527,750,296,70,1,1,1,1
482,250000000,2387,647,113,34,1,1,1,1
482,600000000,532,750,296,70,1,1,1,1
483,250000000,2388,646,113,35,1,1,1,1
483,600000000,537,750,296,70,1,1,1,1
484,250000000,2391,646,112,35,1,1,1,1
484,600000000,542,750,296,70,1,1,1,1
485,250000000,2392,646,111,34,1,1,1,1
485,600000000,547,750,296,70,1,1,1,1
486,250000000,2393,647,111,34,1,1,1,1
486,600000000,552,750,296,70,1,1,1,1
487,250000000,2396,647,110,34,1,1,1,1
487,600000000,556,749,296,70,1,1,1,1
488,250000000,2398,647,110,34,1,1,1,1
488,600000000,561,749,296,70,1,1,1,1
489,600000000,566,749,296,70,1,1,1,1
490,250000000,2404,648,103,32,1,1,1,1
490,600000000,570,749,296,70,1,1,1,1
491,250000000,2408,647,102,32,1,1,1,1
491,600000000,575,749,296,70,1,1,1,1
492,250000000,2405,647,107,33,1,1,1,1
492,600000000,580,749,296,70,1,1,1,1
493,250000000,2405,647,107,33,1,1,1,1
493,600000000,584,749,296,70,1,1,1,1
494,250000000,2406,646,112,34,1,1,1,1
494,600000000,589,749,296,70,1,1,1,1
495,250000000,2411,646,108,33,1,1,1,1
495,600000000,593,748,296,70,1,1,1,1
496,250000000,2410,645,107,33,1,1,1,1
496,600000000,597,748,296,70,1,1,1,1
497,250000000,2412,646,108,33,1,1,1,1
497,600000000,602,748,296,70,1,1,1,1
498,250000000,2413,646,110,33,1,1,1,1
498,600000000,606,748,296,70,1,1,1,1
499,250000000,2415,645,109,34,1,1,1,1
499,600000000,610,748,296,70,1,1,1,1
500,250000000,2415,645,110,34,1,1,1,1
500,600000000,615,748,296,70,1,1,1,1
501,250000000,2419,645,109,34,1,1,1,1
501,600000000,619,747,296,70,1,1,1,1
502,250000000,2420,645,110,34,1,1,1,1
503,250000000,2419,644,111,35,1,1,1,1
504,250000000,2421,645,110,34,1,1,1,1
504,600000000,369,709,246,63,1,1,1,1
505,250000000,2425,646,106,33,1,1,1,1
505,600000000,984,717,202,55,1,1,1,1
506,250000000,2428,646,105,33,1,1,1,1
506,600000000,993,718,199,54,1,1,1,1
507,250000000,2428,645,109,35,1,1,1,1
507,600000000,1000,718,198,54,1,1,1,1
508,250000000,2429,646,107,33,1,1,1,1
508,600000000,1007,717,197,54,1,1,1,1
509,250000000,2432,646,106,33,1,1,1,1
509,600000000,1015,716,198,55,1,1,1,1
510,250000000,2433,646,108,33,1,1,1,1
510,600000000,1022,716,198,55,1,1,1,1
511,250000000,2435,646,105,33,1,1,1,1
511,600000000,1029,715,198,55,1,1,1,1
512,250000000,2435,646,110,34,1,1,1,1
512,600000000,1033,714,202,56,1,1,1,1
513,250000000,2437,646,109,34,1,1,1,1
513,600000000,1041,713,200,56,1,1,1,1
514,250000000,2438,647,105,33,1,1,1,1
514,600000000,1049,713,199,56,1,1,1,1
515,250000000,2440,646,106,33,1,1,1,1
515,600000000,1058,713,196,55,1,1,1,1
516,250000000,2445,646,103,32,1,1,1,1
516,600000000,1064,712,196,56,1,1,1,1
517,250000000,2447,646,103,32,1,1,1,1
517,600000000,1073,713,192,55,1,1,1,1
518,250000000,2445,645,104,33,1,1,1,1
518,600000000,1081,713,188,53,1,1,1,1
519,250000000,2450,645,102,32,1,1,1,1
519,600000000,1088,713,189,53,1,1,1,1
520,250000000,2449,644,107,34,1,1,1,1
520,600000000,1094,711,190,55,1,1,1,1
521,250000000,2451,643,107,34,1,1,1,1
521,600000000,953,719,204,55,1,1,1,1
522,250000000,2452,644,105,33,1,1,1,1
522,600000000,1105,710,193,56,1,1,1,1
523,250000000,2454,643,103,33,1,1,1,1
523,600000000,1113,709,190,55,1,1,1,1
524,250000000,2455,643,103,33,1,1,1,1
524,600000000,1121,709,187,55,1,1,1,1
525,250000000,2456,643,103,34,1,1,1,1
525,600000000,1128,709,186,54,1,1,1,1
526,250000000,2455,643,104,36,1,1,1,1
526,600000000,1133,708,186,54,1,1,1,1
527,250000000,2454,642,105,36,1,1,1,1
527,600000000,1142,708,183,53,1,1,1,1
528,250000000,2456,642,103,36,1,1,1,1
528,600000000,1149,708,181,53,1,1,1,1
529,250000000,2458,642,101,35,1,1,1,1
529,600000000,1155,707,182,53,1,1,1,1
530,250000000,2457,641,102,37,1,1,1,1
530,600000000,1161,707,183,54,1,1,1,1
531,250000000,2459,641,100,37,1,1,1,1
531,600000000,1167,707,182,53,1,1,1,1
532,250000000,2462,642,97,35,1,1,1,1
532,600000000,1175,707,178,53,1,1,1,1
533,250000000,2462,642,97,36,1,1,1,1
533,600000000,1182,707,177,52,1,1,1,1
534,250000000,2463,644,96,36,1,1,1,1
534,600000000,1187,705,178,53,1,1,1,1
535,250000000,2464,641,95,37,1,1,1,1
535,600000000,1193,705,178,53,1,1,1,1
536,250000000,2467,642,92,35,1,1,1,1
536,600000000,1199,706,176,52,1,1,1,1
537,250000000,2470,641,89,35,1,1,1,1
537,600000000,1205,706,176,52,1,1,1,1
538,250000000,2472,642,87,35,1,1,1,1
538,600000000,1213,706,172,51,1,1,1,1
539,250000000,2473,642,86,36,1,1,1,1
539,600000000,1219,705,173,51,1,1,1,1
540,250000000,2476,642,83,35,1,1,1,1
540,600000000,1223,704,177,52,1,1,1,1
541,250000000,2476,642,83,35,1,1,1,1
541,600000000,1231,705,172,50,1,1,1,1
542,250000000,2476,641,83,37,1,1,1,1
542,600000000,1236,705,170,50,1,1,1,1
543,250000000,2479,641,80,36,1,1,1,1
543,600000000,1239,703,177,52,1,1,1,1
544,250000000,2480,640,79,36,1,1,1,1
544,600000000,1245,702,176,53,1,1,1,1
545,250000000,2482,640,77,36,1,1,1,1
545,600000000,1251,702,175,52,1,1,1,1
546,250000000,2481,641,78,36,1,1,1,1
546,600000000,1257,701,175,52,1,1,1,1
547,250000000,2484,641,75,36,1,1,1,1
547,600000000,1264,702,172,51,1,1,1,1
548,250000000,2486,640,73,36,1,1,1,1
548,600000000,1270,701,171,51,1,1,1,1
549,250000000,2485,641,74,36,1,1,1,1
549,600000000,1274,700,174,52,1,1,1,1
550,250000000,2486,641,73,35,1,1,1,1
550,600000000,1280,700,172,51,1,1,1,1
551,250000000,2489,642,70,34,1,1,1,1
551,600000000,1286,699,172,52,1,1,1,1
552,250000000,2490,641,69,35,1,1,1,1
552,600000000,1293,700,168,51,1,1,1,1
553,250000000,2491,641,68,35,1,1,1,1
553,600000000,1299,700,166,50,1,1,1,1
554,250000000,2490,640,69,37,1,1,1,1
554,600000000,1306,700,163,49,1,1,1,1
555,250000000,2491,640,68,37,1,1,1,1
555,600000000,1309,699,167,51,1,1,1,1
556,250000000,2492,640,67,35,1,1,1,1
556,600000000,1314,698,167,51,1,1,1,1
557,250000000,2492,639,67,37,1,1,1,1
557,600000000,1320,697,168,51,1,1,1,1
558,250000000,2494,641,65,35,1,1,1,1
558,600000000,1326,698,165,50,1,1,1,1
559,250000000,2494,641,65,34,1,1,1,1
559,600000000,1332,698,164,50,1,1,1,1
560,600000000,1337,697,165,50,1,1,1,1
561,600000000,1342,696,166,51,1,1,1,1
562,600000000,1347,697,165,51,1,1,1,1
563,600000000,1352,696,165,51,1,1,1,1
564,600000000,1358,695,163,51,1,1,1,1
565,600000000,1363,695,162,51,1,1,1,1
566,600000000,1368,695,162,51,1,1,1,1
567,600000000,1375,694,160,51,1,1,1,1
568,600000000,1379,694,163,51,1,1,1,1
569,600000000,1384,694,161,51,1,1,1,1
570,600000000,1389,693,162,52,1,1,1,1
571,600000000,1396,693,158,51,1,1,1,1
572,600000000,1401,693,156,50,1,1,1,1
573,600000000,1407,692,156,50,1,1,1,1
574,600000000,1412,692,155,50,1,1,1,1
575,600000000,1417,692,155,50,1,1,1,1
576,600000000,1424,693,150,49,1,1,1,1
577,600000000,1427,691,153,50,1,1,1,1
578,600000000,1431,691,153,49,1,1,1,1
579,600000000,1439,691,149,49,1,1,1,1
580,600000000,1442,690,150,48,1,1,1,1
581,600000000,1447,690,149,49,1,1,1,1
582,600000000,1452,690,151,49,1,1,1,1
583,600000000,1457,689,149,49,1,1,1,1
584,600000000,1459,688,154,51,1,1,1,1
585,600000000,1465,688,151,51,1,1,1,1
586,600000000,1471,689,148,49,1,1,1,1
587,600000000,1475,688,149,50,1,1,1,1
588,600000000,1479,688,148,50,1,1,1,1
589,600000000,1484,688,148,50,1,1,1,1
590,600000000,1490,688,145,49,1,1,1,1
591,600000000,1496,688,143,49,1,1,1,1
592,600000000,1500,688,142,48,1,1,1,1
593,600000000,1504,688,142,48,1,1,1,1
594,600000000,1508,687,145,49,1,1,1,1
595,600000000,1509,685,150,52,1,1,1,1
596,600000000,1514,686,147,50,1,1,1,1
597,600000000,1520,686,145,50,1,1,1,1
598,600000000,1525,685,142,50,1,1,1,1
599,600000000,1530,686,140,48,1,1,1,1
600,600000000,1537,687,135,47,1,1,1,1
601,600000000,1537,685,141,49,1,1,1,1
602,600000000,1543,685,139,49,1,1,1,1
603,600000000,1546,684,141,49,1,1,1,1
604,600000000,1550,683,140,49,1,1,1,1
605,600000000,1556,684,137,47,1,1,1,1
606,600000000,1559,683,139,49,1,1,1,1
607,600000000,1565,684,136,47,1,1,1,1
608,600000000,1568,684,137,48,1,1,1,1
609,600000000,1571,683,139,48,1,1,1,1
610,600000000,1576,684,137,48,1,1,1,1
611,600000000,1332,698,164,50,1,1,1,1
612,600000000,1584,683,136,48,1,1,1,1
613,600000000,1588,683,136,48,1,1,1,1
614,600000000,1591,682,139,49,1,1,1,1
615,600000000,1596,681,137,49,1,1,1,1
616,600000000,1600,681,137,49,1,1,1,1
617,600000000,1603,679,139,50,1,1,1,1
618,600000000,1607,679,138,50,1,1,1,1
619,600000000,1612,680,136,49,1,1,1,1
620,600000000,1614,680,137,50,1,1,1,1
