0,0,558,720,388,71,1,1,1,1
0,1,297,729,196,46,1,1,1,1
0,2,1451,666,102,38,1,1,1,1
0,3,2104,654,127,40,1,1,1,1
1,0,566,720,386,71,1,1,1,1
1,1,294,729,196,46,1,1,1,1
1,2,1450,666,102,38,1,1,1,1
1,3,2107,654,126,40,1,1,1,1
2,0,575,719,385,71,1,1,1,1
2,1,292,729,197,46,1,1,1,1
2,2,1448,666,102,38,1,1,1,1
2,3,2109,654,126,40,1,1,1,1
3,0,583,719,383,70,1,1,1,1
3,1,289,729,197,46,1,1,1,1
3,2,1447,666,102,38,1,1,1,1
3,3,2112,654,125,40,1,1,1,1
4,0,592,719,382,70,1,1,1,1
4,1,287,730,197,46,1,1,1,1
4,2,1445,666,102,38,1,1,1,1
4,3,2115,653,125,40,1,1,1,1
5,0,600,719,380,70,1,1,1,1
5,1,284,730,198,46,1,1,1,1
5,2,1444,666,102,38,1,1,1,1
5,3,2118,653,124,40,1,1,1,1
6,0,609,718,378,70,1,1,1,1
6,1,282,730,198,47,1,1,1,1
6,2,1442,666,103,38,1,1,1,1
6,3,2120,653,124,40,1,1,1,1
7,0,617,718,377,70,1,1,1,1
7,1,279,730,198,47,1,1,1,1
7,2,1441,666,103,38,1,1,1,1
7,3,2123,653,123,41,1,1,1,1
8,0,626,718,375,69,1,1,1,1
8,1,277,730,199,47,1,1,1,1
8,2,1439,666,103,38,1,1,1,1
8,3,2126,653,122,41,1,1,1,1
9,0,634,718,374,69,1,1,1,1
9,1,274,730,199,47,1,1,1,1
9,2,1438,667,103,38,1,1,1,1
9,3,2129,653,122,41,1,1,1,1
10,0,642,717,372,69,1,1,1,1
10,1,272,730,199,47,1,1,1,1
10,2,1436,667,103,38,1,1,1,1
10,3,2131,652,121,41,1,1,1,1
11,0,651,717,370,69,1,1,1,1
11,1,269,731,200,47,1,1,1,1
11,2,1435,667,103,38,1,1,1,1
11,3,2134,652,121,41,1,1,1,1
12,0,659,717,369,68,1,1,1,1
12,1,266,731,200,47,1,1,1,1
12,2,1434,667,103,38,1,1,1,1
12,3,2137,652,120,41,1,1,1,1
13,0,668,717,367,68,1,1,1,1
13,1,264,731,200,47,1,1,1,1
13,2,1432,667,103,38,1,1,1,1
13,3,2140,652,120,41,1,1,1,1
14,0,676,716,366,68,1,1,1,1
14,1,261,731,201,47,1,1,1,1
14,2,1431,667,103,38,1,1,1,1
14,3,2142,652,119,41,1,1,1,1
15,0,685,716,364,68,1,1,1,1
15,1,259,731,201,47,1,1,1,1
15,2,1429,667,103,38,1,1,1,1
15,3,2145,652,118,41,1,1,1,1
16,0,693,716,362,68,1,1,1,1
16,1,256,731,201,47,1,1,1,1
16,2,1428,667,104,38,1,1,1,1
16,3,2148,652,118,41,1,1,1,1
17,0,702,716,361,67,1,1,1,1
17,1,254,731,202,47,1,1,1,1
17,2,1426,667,104,38,1,1,1,1
17,3,2150,651,117,41,1,1,1,1
18,0,710,715,359,67,1,1,1,1
18,1,251,732,202,48,1,1,1,1
18,2,1425,667,104,39,1,1,1,1
18,3,2153,651,117,41,1,1,1,1
19,0,719,715,358,67,1,1,1,1
19,1,249,732,202,48,1,1,1,1
19,2,1423,667,104,39,1,1,1,1
19,3,2156,651,116,41,1,1,1,1
20,0,727,715,356,67,1,1,1,1
20,1,246,732,202,48,1,1,1,1
20,2,1422,667,104,39,1,1,1,1
20,3,2159,651,115,42,1,1,1,1
21,0,735,714,354,67,1,1,1,1
21,1,244,732,203,48,1,1,1,1
21,2,1420,667,104,39,1,1,1,1
21,3,2161,651,115,42,1,1,1,1
22,0,744,714,353,66,1,1,1,1
22,1,241,732,203,48,1,1,1,1
22,2,1419,667,104,39,1,1,1,1
22,3,2164,651,114,42,1,1,1,1
23,0,752,714,351,66,1,1,1,1
23,1,238,732,203,48,1,1,1,1
23,2,1417,667,104,39,1,1,1,1
23,3,2167,650,114,42,1,1,1,1
24,0,761,714,349,66,1,1,1,1
24,1,236,732,204,48,1,1,1,1
24,2,1416,667,104,39,1,1,1,1
24,3,2170,650,113,42,1,1,1,1
25,0,769,713,348,66,1,1,1,1
25,1,233,733,204,48,1,1,1,1
25,2,1415,667,104,39,1,1,1,1
25,3,2172,650,113,42,1,1,1,1
26,0,778,713,346,66,1,1,1,1
26,1,231,733,204,48,1,1,1,1
26,2,1413,667,105,39,1,1,1,1
26,3,2175,650,112,42,1,1,1,1
27,0,786,713,345,65,1,1,1,1
27,1,228,733,205,48,1,1,1,1
27,2,1412,668,105,39,1,1,1,1
27,3,2177,650,112,42,1,1,1,1
28,0,795,713,343,65,1,1,1,1
28,1,226,733,205,48,1,1,1,1
28,2,1410,668,105,39,1,1,1,1
28,3,2180,650,111,42,1,1,1,1
29,0,803,712,341,65,1,1,1,1
29,1,223,733,205,49,1,1,1,1
29,2,1409,668,105,39,1,1,1,1
29,3,2182,650,111,42,1,1,1,1
30,0,811,712,340,65,1,1,1,1
30,1,221,733,206,49,1,1,1,1
30,2,1407,668,105,39,1,1,1,1
30,3,2184,650,111,42,1,1,1,1
31,0,820,712,338,64,1,1,1,1
31,1,218,733,206,49,1,1,1,1
31,2,1406,668,105,39,1,1,1,1
31,3,2187,650,110,42,1,1,1,1
32,0,828,712,337,64,1,1,1,1
32,1,216,733,206,49,1,1,1,1
32,2,1404,668,105,39,1,1,1,1
32,3,2189,650,110,42,1,1,1,1
33,0,837,711,335,64,1,1,1,1
33,1,213,734,207,49,1,1,1,1
33,2,1403,668,105,39,1,1,1,1
33,3,2191,650,109,42,1,1,1,1
34,0,845,711,333,64,1,1,1,1
34,1,211,734,207,49,1,1,1,1
34,2,1401,668,105,39,1,1,1,1
34,3,2194,650,109,42,1,1,1,1
35,0,854,711,332,64,1,1,1,1
35,1,208,734,207,49,1,1,1,1
35,2,1400,668,105,39,1,1,1,1
35,3,2196,650,109,42,1,1,1,1
36,0,862,711,330,63,1,1,1,1
36,1,205,734,208,49,1,1,1,1
36,2,1399,668,106,39,1,1,1,1
36,3,2198,649,108,41,1,1,1,1
37,0,871,710,329,63,1,1,1,1
37,1,203,734,208,49,1,1,1,1
37,2,1397,668,106,39,1,1,1,1
37,3,2201,649,108,41,1,1,1,1
38,0,879,710,327,63,1,1,1,1
38,1,200,734,208,49,1,1,1,1
38,2,1396,668,106,39,1,1,1,1
38,3,2203,649,108,41,1,1,1,1
39,0,886,710,326,63,1,1,1,1
39,1,198,734,209,49,1,1,1,1
39,2,1394,668,106,39,1,1,1,1
39,3,2205,649,107,41,1,1,1,1
40,0,893,710,324,63,1,1,1,1
40,1,195,735,209,50,1,1,1,1
40,2,1393,668,106,39,1,1,1,1
40,3,2208,649,107,41,1,1,1,1
41,0,900,709,323,62,1,1,1,1
41,1,193,735,209,50,1,1,1,1
41,2,1391,668,106,39,1,1,1,1
41,3,2210,649,107,41,1,1,1,1
42,0,908,709,322,62,1,1,1,1
42,1,190,735,210,50,1,1,1,1
42,2,1390,668,106,39,1,1,1,1
42,3,2212,649,106,41,1,1,1,1
43,0,915,709,321,62,1,1,1,1
43,1,188,735,210,50,1,1,1,1
43,2,1388,668,106,39,1,1,1,1
43,3,2215,649,106,41,1,1,1,1
44,0,922,709,319,62,1,1,1,1
44,1,185,735,210,50,1,1,1,1
44,2,1387,668,106,39,1,1,1,1
44,3,2217,649,106,41,1,1,1,1
45,0,929,708,318,62,1,1,1,1
45,1,183,735,211,50,1,1,1,1
45,2,1385,669,106,39,1,1,1,1
45,3,2219,649,105,41,1,1,1,1
46,0,936,708,317,62,1,1,1,1
46,1,180,735,211,50,1,1,1,1
46,2,1384,669,106,39,1,1,1,1
46,3,2222,649,105,41,1,1,1,1
47,0,943,708,315,61,1,1,1,1
47,1,177,736,211,50,1,1,1,1
47,2,1382,669,107,39,1,1,1,1
47,3,2224,649,104,41,1,1,1,1
48,0,950,708,314,61,1,1,1,1
48,1,175,736,212,50,1,1,1,1
48,2,1381,669,107,39,1,1,1,1
48,3,2226,649,104,41,1,1,1,1
49,0,958,707,313,61,1,1,1,1
49,1,172,736,212,50,1,1,1,1
49,2,1380,669,107,39,1,1,1,1
49,3,2229,649,104,41,1,1,1,1
50,0,965,707,312,61,1,1,1,1
50,1,170,736,212,50,1,1,1,1
50,2,1378,669,107,39,1,1,1,1
50,3,2231,649,103,41,1,1,1,1
51,0,972,707,310,61,1,1,1,1
51,1,167,736,213,50,1,1,1,1
51,2,1377,669,107,39,1,1,1,1
51,3,2233,649,103,41,1,1,1,1
52,0,979,707,309,61,1,1,1,1
52,1,165,736,213,51,1,1,1,1
52,2,1375,669,107,39,1,1,1,1
52,3,2236,649,103,41,1,1,1,1
53,0,986,707,308,60,1,1,1,1
53,1,162,736,213,51,1,1,1,1
53,2,1374,669,107,39,1,1,1,1
53,3,2238,649,102,41,1,1,1,1
54,0,993,706,306,60,1,1,1,1
54,1,160,737,214,51,1,1,1,1
54,2,1372,669,107,40,1,1,1,1
54,3,2240,649,102,41,1,1,1,1
55,0,1000,706,305,60,1,1,1,1
55,1,157,737,214,51,1,1,1,1
55,2,1371,669,107,40,1,1,1,1
55,3,2243,649,102,41,1,1,1,1
56,0,1008,706,304,60,1,1,1,1
56,1,155,737,214,51,1,1,1,1
56,2,1369,669,107,40,1,1,1,1
56,3,2245,648,101,40,1,1,1,1
57,0,1015,706,303,60,1,1,1,1
57,1,152,737,215,51,1,1,1,1
57,2,1368,669,108,40,1,1,1,1
57,3,2247,648,101,40,1,1,1,1
58,0,1022,705,301,60,1,1,1,1
58,1,149,737,215,51,1,1,1,1
58,2,1366,669,108,40,1,1,1,1
58,3,2250,648,101,40,1,1,1,1
59,0,1029,705,300,59,1,1,1,1
59,1,147,737,215,51,1,1,1,1
59,2,1365,669,108,40,1,1,1,1
59,3,2252,648,100,40,1,1,1,1
60,0,1036,705,299,59,1,1,1,1
60,1,144,737,215,51,1,1,1,1
60,2,1364,669,108,40,1,1,1,1
60,3,2254,648,100,40,1,1,1,1
61,0,1043,705,297,59,1,1,1,1
61,1,142,738,216,51,1,1,1,1
61,2,1362,669,108,40,1,1,1,1
61,3,2257,648,99,40,1,1,1,1
62,0,1050,705,296,59,1,1,1,1
62,1,139,738,216,51,1,1,1,1
62,2,1361,669,108,40,1,1,1,1
62,3,2259,648,99,40,1,1,1,1
63,0,1058,704,295,59,1,1,1,1
63,1,137,738,216,52,1,1,1,1
63,2,1359,670,108,40,1,1,1,1
63,3,2261,648,99,40,1,1,1,1
64,0,1065,704,294,59,1,1,1,1
64,1,134,738,217,52,1,1,1,1
64,2,1358,670,108,40,1,1,1,1
64,3,2264,648,98,40,1,1,1,1
65,0,1072,704,292,58,1,1,1,1
65,1,132,738,217,52,1,1,1,1
65,2,1356,670,108,40,1,1,1,1
65,3,2266,648,98,40,1,1,1,1
66,0,1079,704,291,58,1,1,1,1
66,1,129,738,217,52,1,1,1,1
66,2,1355,670,108,40,1,1,1,1
66,3,2268,648,98,40,1,1,1,1
67,0,1086,703,290,58,1,1,1,1
67,1,127,738,218,52,1,1,1,1
67,2,1353,670,109,40,1,1,1,1
67,3,2270,648,98,40,1,1,1,1
68,0,1093,703,288,58,1,1,1,1
68,1,124,739,218,52,1,1,1,1
68,2,1352,670,109,40,1,1,1,1
68,3,2272,648,98,40,1,1,1,1
69,0,1100,703,287,58,1,1,1,1
69,1,121,739,218,52,1,1,1,1
69,2,1350,670,109,40,1,1,1,1
69,3,2274,647,98,40,1,1,1,1
70,0,1108,703,286,58,1,1,1,1
70,1,119,739,219,52,1,1,1,1
70,2,1349,670,109,40,1,1,1,1
70,3,2275,647,98,40,1,1,1,1
71,0,1115,702,285,57,1,1,1,1
71,1,116,739,219,52,1,1,1,1
71,2,1347,670,109,40,1,1,1,1
71,3,2277,647,98,40,1,1,1,1
72,0,1122,702,283,57,1,1,1,1
72,1,114,739,219,52,1,1,1,1
72,2,1346,670,109,40,1,1,1,1
72,3,2279,647,98,40,1,1,1,1
73,0,1129,702,282,57,1,1,1,1
73,1,111,739,220,52,1,1,1,1
73,2,1344,670,109,40,1,1,1,1
73,3,2281,647,98,40,1,1,1,1
74,0,1135,702,282,57,1,1,1,1
74,1,109,739,220,52,1,1,1,1
74,2,1343,670,110,40,1,1,1,1
74,3,2283,647,98,40,1,1,1,1
75,0,1140,701,281,57,1,1,1,1
75,1,106,740,220,53,1,1,1,1
75,2,1341,670,110,40,1,1,1,1
75,3,2285,647,98,40,1,1,1,1
76,0,1146,701,281,57,1,1,1,1
76,1,104,740,221,53,1,1,1,1
76,2,1339,670,110,40,1,1,1,1
76,3,2287,646,98,40,1,1,1,1
77,0,1151,701,280,56,1,1,1,1
77,1,101,740,221,53,1,1,1,1
77,2,1338,670,111,40,1,1,1,1
77,3,2289,646,98,40,1,1,1,1
78,0,1157,700,280,56,1,1,1,1
78,1,99,740,221,53,1,1,1,1
78,2,1336,670,111,40,1,1,1,1
78,3,2290,646,98,40,1,1,1,1
79,0,1162,700,279,56,1,1,1,1
79,1,96,740,222,53,1,1,1,1
79,2,1334,670,112,40,1,1,1,1
79,3,2292,646,99,40,1,1,1,1
80,0,1168,700,279,56,1,1,1,1
80,1,93,740,222,53,1,1,1,1
80,2,1333,671,112,41,1,1,1,1
80,3,2294,646,99,40,1,1,1,1
81,0,1173,699,279,56,1,1,1,1
81,1,91,740,222,53,1,1,1,1
81,2,1331,671,112,41,1,1,1,1
81,3,2296,646,99,40,1,1,1,1
82,0,1179,699,278,56,1,1,1,1
82,1,88,741,223,53,1,1,1,1
82,2,1329,671,113,41,1,1,1,1
82,3,2298,646,99,40,1,1,1,1
83,0,1184,699,278,56,1,1,1,1
83,1,86,741,223,53,1,1,1,1
83,2,1328,671,113,41,1,1,1,1
83,3,2300,645,99,40,1,1,1,1
84,0,1190,698,277,56,1,1,1,1
84,1,83,741,223,53,1,1,1,1
84,2,1326,671,113,41,1,1,1,1
84,3,2302,645,99,40,1,1,1,1
85,0,1195,698,277,55,1,1,1,1
85,1,81,741,224,53,1,1,1,1
85,2,1324,671,114,41,1,1,1,1
85,3,2304,645,99,40,1,1,1,1
86,0,1201,698,276,55,1,1,1,1
86,1,78,741,224,54,1,1,1,1
86,2,1323,671,114,41,1,1,1,1
86,3,2305,645,99,40,1,1,1,1
87,0,1206,697,276,55,1,1,1,1
87,1,76,741,224,54,1,1,1,1
87,2,1321,671,114,41,1,1,1,1
87,3,2307,645,99,40,1,1,1,1
88,0,1212,697,276,55,1,1,1,1
88,1,73,741,225,54,1,1,1,1
88,2,1320,671,115,41,1,1,1,1
88,3,2309,645,99,40,1,1,1,1
89,0,1217,697,275,55,1,1,1,1
89,1,71,741,225,54,1,1,1,1
89,2,1318,671,115,41,1,1,1,1
89,3,2311,645,99,40,1,1,1,1
90,0,1223,696,275,55,1,1,1,1
90,1,68,742,225,54,1,1,1,1
90,2,1316,671,116,41,1,1,1,1
90,3,2313,644,99,40,1,1,1,1
91,0,1228,696,274,55,1,1,1,1
91,1,66,742,226,54,1,1,1,1
91,2,1315,671,116,41,1,1,1,1
91,3,2315,644,99,40,1,1,1,1
92,0,1234,696,274,54,1,1,1,1
92,1,63,742,226,54,1,1,1,1
92,2,1313,671,116,41,1,1,1,1
92,3,2317,644,99,40,1,1,1,1
93,0,1239,695,273,54,1,1,1,1
93,1,60,742,226,54,1,1,1,1
93,2,1311,671,117,41,1,1,1,1
93,3,2319,644,99,40,1,1,1,1
94,0,1245,695,273,54,1,1,1,1
94,1,58,742,227,54,1,1,1,1
94,2,1310,672,117,42,1,1,1,1
94,3,2320,644,99,40,1,1,1,1
95,0,1250,695,272,54,1,1,1,1
95,1,55,742,227,54,1,1,1,1
95,2,1308,672,117,42,1,1,1,1
95,3,2322,644,99,40,1,1,1,1
96,0,1256,694,272,54,1,1,1,1
96,1,53,742,227,54,1,1,1,1
96,2,1306,672,118,42,1,1,1,1
96,3,2324,644,99,40,1,1,1,1
97,0,1261,694,272,54,1,1,1,1
97,1,50,743,227,55,1,1,1,1
97,2,1305,672,118,42,1,1,1,1
97,3,2326,643,99,40,1,1,1,1
98,0,1267,694,271,54,1,1,1,1
98,1,48,743,228,55,1,1,1,1
98,2,1303,672,118,42,1,1,1,1
98,3,2328,643,99,40,1,1,1,1
99,0,1272,693,271,54,1,1,1,1
99,1,45,743,228,55,1,1,1,1
99,2,1301,672,119,42,1,1,1,1
99,3,2330,643,99,40,1,1,1,1
100,0,1278,693,270,53,1,1,1,1
100,1,43,743,228,55,1,1,1,1
100,2,1300,672,119,42,1,1,1,1
100,3,2332,643,99,40,1,1,1,1
101,0,1283,693,270,53,1,1,1,1
101,1,40,743,229,55,1,1,1,1
101,2,1298,672,120,42,1,1,1,1
101,3,2334,643,99,40,1,1,1,1
102,0,1289,692,269,53,1,1,1,1
102,1,38,743,229,55,1,1,1,1
102,2,1296,672,120,42,1,1,1,1
102,3,2335,643,99,40,1,1,1,1
103,0,1294,692,269,53,1,1,1,1
103,1,35,743,229,55,1,1,1,1
103,2,1295,672,120,42,1,1,1,1
103,3,2337,643,99,40,1,1,1,1
104,0,1299,692,268,53,1,1,1,1
104,1,32,744,230,55,1,1,1,1
104,2,1293,672,121,42,1,1,1,1
104,3,2339,642,99,40,1,1,1,1
105,0,1304,692,267,53,1,1,1,1
105,1,30,744,230,55,1,1,1,1
105,2,1291,672,121,42,1,1,1,1
105,3,2341,642,99,40,1,1,1,1
106,0,1309,691,266,53,1,1,1,1
106,1,27,744,230,55,1,1,1,1
106,2,1290,672,121,42,1,1,1,1
106,3,2343,642,99,40,1,1,1,1
107,0,1313,691,265,53,1,1,1,1
107,1,25,744,231,55,1,1,1,1
107,2,1288,672,122,42,1,1,1,1
107,3,2345,642,100,40,1,1,1,1
108,0,1318,691,264,53,1,1,1,1
108,1,22,744,231,55,1,1,1,1
108,2,1286,672,122,42,1,1,1,1
108,3,2347,642,100,40,1,1,1,1
109,0,1323,691,263,53,1,1,1,1
109,1,20,744,231,56,1,1,1,1
109,2,1285,673,122,43,1,1,1,1
109,3,2349,642,100,40,1,1,1,1
110,0,1328,691,262,53,1,1,1,1
110,1,17,744,232,56,1,1,1,1
110,2,1283,673,123,43,1,1,1,1
110,3,2350,642,100,40,1,1,1,1
111,0,1333,691,261,53,1,1,1,1
111,1,15,745,232,56,1,1,1,1
111,2,1281,673,123,43,1,1,1,1
111,3,2352,641,100,40,1,1,1,1
112,0,1338,690,260,53,1,1,1,1
112,1,12,745,232,56,1,1,1,1
112,2,1280,673,123,43,1,1,1,1
112,3,2354,641,100,40,1,1,1,1
113,0,1343,690,259,53,1,1,1,1
113,1,10,745,233,56,1,1,1,1
113,2,1278,673,124,43,1,1,1,1
113,3,2356,641,100,40,1,1,1,1
114,0,1347,690,258,53,1,1,1,1
114,1,7,745,233,56,1,1,1,1
114,2,1276,673,124,43,1,1,1,1
114,3,2358,641,100,40,1,1,1,1
115,0,1352,690,257,53,1,1,1,1
115,1,7,745,230,56,1,1,1,1
115,2,1275,673,125,43,1,1,1,1
115,3,2360,641,100,40,1,1,1,1
116,0,1357,690,256,53,1,1,1,1
116,1,7,745,228,56,1,1,1,1
116,2,1273,673,125,43,1,1,1,1
116,3,2362,641,100,40,1,1,1,1
117,0,1362,690,255,53,1,1,1,1
117,1,7,745,225,55,1,1,1,1
117,2,1272,673,125,43,1,1,1,1
117,3,2364,641,100,40,1,1,1,1
118,0,1367,689,255,52,1,1,1,1
118,1,6,746,223,55,1,1,1,1
118,2,1270,673,126,43,1,1,1,1
118,3,2365,640,100,40,1,1,1,1
119,0,1372,689,254,52,1,1,1,1
119,1,6,746,220,55,1,1,1,1
119,2,1268,673,126,43,1,1,1,1
119,3,2367,640,100,40,1,1,1,1
120,0,1377,689,253,52,1,1,1,1
120,1,6,746,218,55,1,1,1,1
120,2,1267,673,126,43,1,1,1,1
120,3,2369,640,100,40,1,1,1,1
121,0,1382,689,252,52,1,1,1,1
121,1,6,746,215,55,1,1,1,1
121,2,1265,673,127,43,1,1,1,1
121,3,2371,640,100,40,1,1,1,1
122,0,1386,689,251,52,1,1,1,1
122,1,6,746,213,54,1,1,1,1
122,2,1263,673,127,43,1,1,1,1
122,3,2373,640,100,40,1,1,1,1
123,0,1391,689,250,52,1,1,1,1
123,1,6,746,210,54,1,1,1,1
123,2,1262,674,127,44,1,1,1,1
123,3,2374,640,99,40,1,1,1,1
124,0,1396,688,249,52,1,1,1,1
124,1,5,746,208,54,1,1,1,1
124,2,1260,674,128,44,1,1,1,1
124,3,2376,640,99,40,1,1,1,1
125,0,1401,688,248,52,1,1,1,1
125,1,5,747,205,54,1,1,1,1
125,2,1258,674,128,44,1,1,1,1
125,3,2378,640,99,40,1,1,1,1
126,0,1406,688,247,52,1,1,1,1
126,1,5,747,202,54,1,1,1,1
126,2,1257,674,129,44,1,1,1,1
126,3,2379,640,99,40,1,1,1,1
127,0,1411,688,246,52,1,1,1,1
127,1,5,747,200,54,1,1,1,1
127,2,1255,674,129,44,1,1,1,1
127,3,2381,640,98,40,1,1,1,1
128,0,1416,688,245,52,1,1,1,1
128,1,5,747,197,53,1,1,1,1
128,2,1253,674,129,44,1,1,1,1
128,3,2383,640,98,40,1,1,1,1
129,0,1420,688,244,52,1,1,1,1
129,1,5,747,195,53,1,1,1,1
129,2,1252,674,130,44,1,1,1,1
129,3,2384,639,98,40,1,1,1,1
130,0,1425,687,243,52,1,1,1,1
130,1,4,747,192,53,1,1,1,1
130,2,1250,674,130,44,1,1,1,1
130,3,2386,639,98,40,1,1,1,1
131,0,1430,687,242,52,1,1,1,1
131,1,4,747,190,53,1,1,1,1
131,2,1248,674,130,44,1,1,1,1
131,3,2388,639,97,40,1,1,1,1
132,0,1435,687,241,52,1,1,1,1
132,1,4,748,187,53,1,1,1,1
132,2,1247,674,130,44,1,1,1,1
132,3,2389,639,97,40,1,1,1,1
133,0,1440,687,240,52,1,1,1,1
133,1,4,748,185,52,1,1,1,1
133,2,1245,674,131,44,1,1,1,1
133,3,2391,639,97,40,1,1,1,1
134,0,1445,687,239,52,1,1,1,1
134,1,4,748,182,52,1,1,1,1
134,2,1243,674,131,44,1,1,1,1
134,3,2393,639,97,40,1,1,1,1
135,0,1450,686,238,52,1,1,1,1
135,1,4,748,180,52,1,1,1,1
135,2,1242,674,131,44,1,1,1,1
135,3,2394,639,96,40,1,1,1,1
136,0,1454,686,237,52,1,1,1,1
136,1,3,748,177,52,1,1,1,1
136,2,1240,674,131,44,1,1,1,1
136,3,2396,639,96,40,1,1,1,1
137,0,1459,686,236,52,1,1,1,1
137,1,3,748,174,52,1,1,1,1
137,2,1238,674,132,44,1,1,1,1
137,3,2398,639,96,40,1,1,1,1
138,0,1464,686,235,52,1,1,1,1
138,1,3,748,172,51,1,1,1,1
138,2,1236,674,132,44,1,1,1,1
138,3,2400,639,96,40,1,1,1,1
139,0,1469,686,234,52,1,1,1,1
139,1,3,749,169,51,1,1,1,1
139,2,1235,674,132,44,1,1,1,1
139,3,2401,639,95,40,1,1,1,1
140,0,1474,686,233,52,1,1,1,1
140,1,3,749,167,51,1,1,1,1
140,2,1233,675,132,44,1,1,1,1
140,3,2403,639,95,40,1,1,1,1
141,0,1479,685,232,52,1,1,1,1
141,1,3,749,164,51,1,1,1,1
141,2,1231,675,132,44,1,1,1,1
141,3,2405,639,95,40,1,1,1,1
142,0,1484,685,231,52,1,1,1,1
142,1,2,749,162,51,1,1,1,1
142,2,1230,675,133,45,1,1,1,1
142,3,2406,639,95,40,1,1,1,1
143,0,1488,685,230,52,1,1,1,1
143,1,2,749,159,50,1,1,1,1
143,2,1228,675,133,45,1,1,1,1
143,3,2408,639,94,40,1,1,1,1
144,0,1493,685,229,52,1,1,1,1
144,1,2,749,157,50,1,1,1,1
144,2,1226,675,133,45,1,1,1,1
144,3,2410,639,94,40,1,1,1,1
145,0,1498,685,228,52,1,1,1,1
145,1,2,749,154,50,1,1,1,1
145,2,1225,675,133,45,1,1,1,1
145,3,2411,638,94,40,1,1,1,1
146,0,1503,685,227,52,1,1,1,1
146,1,2,750,151,50,1,1,1,1
146,2,1223,675,133,45,1,1,1,1
146,3,2413,638,94,40,1,1,1,1
147,0,1508,684,227,51,1,1,1,1
147,1,2,750,149,50,1,1,1,1
147,2,1221,675,134,45,1,1,1,1
147,3,2415,638,93,40,1,1,1,1
148,0,1513,684,226,51,1,1,1,1
148,1,1,750,146,50,1,1,1,1
148,2,1219,675,134,45,1,1,1,1
148,3,2416,638,93,40,1,1,1,1
149,0,1518,684,225,51,1,1,1,1
149,1,1,750,144,49,1,1,1,1
149,2,1218,675,134,45,1,1,1,1
149,3,2418,638,93,40,1,1,1,1
150,0,1523,684,224,51,1,1,1,1
150,1,1,750,141,49,1,1,1,1
150,2,1216,675,134,45,1,1,1,1
150,3,2420,638,93,40,1,1,1,1
151,0,1527,684,223,51,1,1,1,1
151,1,1,750,139,49,1,1,1,1
151,2,1214,675,135,45,1,1,1,1
151,3,2421,638,92,40,1,1,1,1
152,0,1532,684,222,51,1,1,1,1
152,1,1,750,136,49,1,1,1,1
152,2,1213,675,135,45,1,1,1,1
152,3,2423,638,92,40,1,1,1,1
153,0,1537,683,221,51,1,1,1,1
153,1,1,751,134,49,1,1,1,1
153,2,1211,675,135,45,1,1,1,1
153,3,2425,638,92,40,1,1,1,1
154,0,1542,683,220,51,1,1,1,1
154,1,0,751,131,48,1,1,1,1
154,2,1209,675,135,45,1,1,1,1
154,3,2426,638,91,40,1,1,1,1
155,0,1547,683,219,51,1,1,1,1
155,1,0,751,129,48,1,1,1,1
155,2,1208,675,135,45,1,1,1,1
155,3,2428,638,91,40,1,1,1,1
156,0,1552,683,218,51,1,1,1,1
156,1,0,751,126,48,1,1,1,1
156,2,1206,675,136,45,1,1,1,1
156,3,2430,638,91,40,1,1,1,1
157,0,1557,683,217,51,1,1,1,1
157,2,1204,675,136,45,1,1,1,1
157,3,2431,638,91,40,1,1,1,1
158,0,1561,683,216,51,1,1,1,1
158,2,1202,675,136,45,1,1,1,1
158,3,2433,638,90,40,1,1,1,1
159,0,1566,682,215,51,1,1,1,1
159,2,1201,675,136,45,1,1,1,1
159,3,2435,638,90,40,1,1,1,1
160,0,1571,682,214,51,1,1,1,1
160,2,1199,676,137,45,1,1,1,1
160,3,2436,637,90,40,1,1,1,1
161,0,1576,682,213,51,1,1,1,1
161,2,1197,676,137,45,1,1,1,1
161,3,2438,637,90,40,1,1,1,1
162,0,1580,682,212,51,1,1,1,1
162,2,1196,676,137,45,1,1,1,1
162,3,2440,637,89,40,1,1,1,1
163,0,1584,682,212,51,1,1,1,1
163,2,1194,676,137,45,1,1,1,1
163,3,2441,637,89,40,1,1,1,1
164,0,1587,682,211,50,1,1,1,1
164,2,1192,676,137,45,1,1,1,1
164,3,2443,637,89,40,1,1,1,1
165,0,1591,681,210,50,1,1,1,1
165,2,1191,676,138,45,1,1,1,1
165,3,2445,637,89,40,1,1,1,1
166,0,1595,681,210,50,1,1,1,1
166,2,1189,676,138,46,1,1,1,1
166,3,2446,637,88,40,1,1,1,1
167,0,1599,681,209,50,1,1,1,1
167,2,1187,676,138,46,1,1,1,1
167,3,2448,637,88,40,1,1,1,1
168,0,1603,681,208,50,1,1,1,1
168,2,1185,676,138,46,1,1,1,1
168,3,2450,637,88,40,1,1,1,1
169,0,1606,681,208,50,1,1,1,1
169,2,1184,676,139,46,1,1,1,1
169,3,2452,637,88,40,1,1,1,1
170,0,1610,681,207,49,1,1,1,1
170,2,1182,676,139,46,1,1,1,1
170,3,2453,637,87,40,1,1,1,1
171,0,1614,680,206,49,1,1,1,1
171,2,1180,676,139,46,1,1,1,1
171,3,2455,637,87,40,1,1,1,1
172,0,1618,680,206,49,1,1,1,1
172,2,1179,676,139,46,1,1,1,1
172,3,2457,637,87,40,1,1,1,1
173,0,1621,680,205,49,1,1,1,1
173,2,1177,676,139,46,1,1,1,1
173,3,2458,637,87,40,1,1,1,1
174,0,1625,680,204,49,1,1,1,1
174,2,1175,676,140,46,1,1,1,1
174,3,2460,637,86,40,1,1,1,1
175,0,1629,680,204,49,1,1,1,1
175,2,1174,676,140,46,1,1,1,1
175,3,2462,637,86,40,1,1,1,1
176,0,1633,680,203,48,1,1,1,1
176,2,1172,676,140,46,1,1,1,1
176,3,2463,636,86,40,1,1,1,1
177,0,1637,679,202,48,1,1,1,1
177,2,1170,676,140,46,1,1,1,1
177,3,2465,636,86,40,1,1,1,1
178,0,1640,679,202,48,1,1,1,1
178,2,1169,676,140,46,1,1,1,1
178,3,2467,636,85,40,1,1,1,1
179,0,1644,679,201,48,1,1,1,1
179,2,1167,676,141,46,1,1,1,1
179,3,2468,636,85,40,1,1,1,1
180,0,1648,679,200,48,1,1,1,1
180,2,1165,677,141,46,1,1,1,1
180,3,2470,636,85,40,1,1,1,1
181,0,1652,679,200,47,1,1,1,1
181,2,1163,677,141,46,1,1,1,1
181,3,2472,636,85,40,1,1,1,1
182,0,1656,679,199,47,1,1,1,1
182,2,1162,677,141,46,1,1,1,1
182,3,2473,636,84,40,1,1,1,1
183,0,1659,678,198,47,1,1,1,1
183,2,1160,677,142,46,1,1,1,1
183,3,2475,636,84,40,1,1,1,1
184,0,1663,678,198,47,1,1,1,1
184,2,1158,677,142,46,1,1,1,1
185,0,1667,678,197,47,1,1,1,1
185,2,1157,677,142,46,1,1,1,1
186,0,1671,678,196,47,1,1,1,1
186,2,1155,677,142,46,1,1,1,1
187,0,1675,678,196,46,1,1,1,1
187,2,1153,677,142,46,1,1,1,1
188,0,1678,678,195,46,1,1,1,1
188,2,1152,677,143,46,1,1,1,1
189,0,1682,677,194,46,1,1,1,1
189,2,1150,677,143,46,1,1,1,1
190,0,1686,677,194,46,1,1,1,1
190,2,1148,677,143,47,1,1,1,1
191,0,1690,677,193,46,1,1,1,1
191,2,1146,677,143,47,1,1,1,1
192,0,1694,677,193,46,1,1,1,1
192,2,1145,677,144,47,1,1,1,1
193,0,1697,677,192,45,1,1,1,1
193,2,1143,677,144,47,1,1,1,1
194,0,1701,677,191,45,1,1,1,1
194,2,1141,677,144,47,1,1,1,1
195,0,1705,677,191,45,1,1,1,1
195,2,1140,677,144,47,1,1,1,1
196,0,1709,676,190,45,1,1,1,1
196,2,1138,677,144,47,1,1,1,1
197,0,1712,676,189,45,1,1,1,1
197,2,1136,677,145,47,1,1,1,1
198,0,1716,676,189,44,1,1,1,1
198,2,1135,677,145,47,1,1,1,1
199,0,1720,676,188,44,1,1,1,1
199,2,1133,677,145,47,1,1,1,1
200,0,1724,676,187,44,1,1,1,1
200,2,1131,678,145,47,1,1,1,1
201,0,1728,676,187,44,1,1,1,1
201,2,1129,678,146,47,1,1,1,1
202,0,1731,675,186,44,1,1,1,1
202,2,1128,678,146,47,1,1,1,1
203,0,1735,675,185,44,1,1,1,1
203,2,1126,678,146,47,1,1,1,1
204,0,1739,675,185,43,1,1,1,1
204,2,1124,678,146,47,1,1,1,1
205,0,1743,675,184,43,1,1,1,1
205,2,1123,678,146,47,1,1,1,1
206,0,1747,675,183,43,1,1,1,1
206,2,1121,678,147,47,1,1,1,1
207,0,1750,675,183,43,1,1,1,1
207,2,1119,678,147,47,1,1,1,1
208,0,1754,674,182,43,1,1,1,1
208,2,1118,678,147,47,1,1,1,1
209,0,1758,674,181,42,1,1,1,1
209,2,1116,678,147,47,1,1,1,1
210,0,1762,674,181,42,1,1,1,1
210,2,1114,678,147,47,1,1,1,1
211,0,1766,674,180,42,1,1,1,1
211,2,1113,678,148,47,1,1,1,1
212,0,1769,674,179,42,1,1,1,1
212,2,1111,678,148,47,1,1,1,1
213,0,1773,674,179,42,1,1,1,1
213,2,1109,678,148,47,1,1,1,1
214,0,1777,673,178,42,1,1,1,1
214,2,1107,678,148,48,1,1,1,1
215,0,1781,673,177,41,1,1,1,1
215,2,1106,678,149,48,1,1,1,1
216,0,1784,673,177,41,1,1,1,1
216,2,1104,678,149,48,1,1,1,1
217,0,1788,673,176,41,1,1,1,1
217,2,1102,678,149,48,1,1,1,1
218,0,1792,673,175,41,1,1,1,1
218,2,1101,678,149,48,1,1,1,1
219,0,1796,673,175,41,1,1,1,1
219,2,1099,678,149,48,1,1,1,1
220,0,1800,672,174,41,1,1,1,1
220,2,1097,679,150,48,1,1,1,1
221,0,1803,672,173,40,1,1,1,1
221,2,1096,679,150,48,1,1,1,1
222,0,1807,672,173,40,1,1,1,1
222,2,1094,679,150,48,1,1,1,1
223,0,1811,672,172,40,1,1,1,1
223,2,1092,679,150,48,1,1,1,1
224,0,1814,672,172,40,1,1,1,1
224,2,1090,679,151,48,1,1,1,1
225,0,1817,672,171,40,1,1,1,1
225,2,1089,679,151,48,1,1,1,1
226,0,1820,672,171,40,1,1,1,1
226,2,1087,679,151,48,1,1,1,1
227,0,1823,671,170,40,1,1,1,1
227,2,1085,679,151,48,1,1,1,1
228,0,1825,671,170,40,1,1,1,1
228,2,1084,679,151,48,1,1,1,1
229,0,1828,671,170,40,1,1,1,1
229,2,1082,679,152,48,1,1,1,1
230,0,1831,671,169,40,1,1,1,1
230,2,1080,679,152,48,1,1,1,1
231,0,1834,671,169,40,1,1,1,1
231,2,1079,679,152,48,1,1,1,1
232,0,1837,671,168,40,1,1,1,1
232,2,1077,679,152,48,1,1,1,1
233,0,1840,670,168,39,1,1,1,1
233,2,1075,679,153,48,1,1,1,1
234,0,1843,670,167,39,1,1,1,1
234,2,1073,679,153,48,1,1,1,1
235,0,1846,670,167,39,1,1,1,1
235,2,1072,679,153,48,1,1,1,1
236,0,1848,670,167,39,1,1,1,1
236,2,1070,679,153,48,1,1,1,1
237,0,1851,670,166,39,1,1,1,1
237,2,1068,679,153,48,1,1,1,1
238,0,1854,670,166,39,1,1,1,1
238,2,1067,679,154,49,1,1,1,1
239,0,1857,670,165,39,1,1,1,1
239,2,1065,679,154,49,1,1,1,1
240,0,1860,669,165,39,1,1,1,1
240,2,1063,680,154,49,1,1,1,1
241,0,1863,669,165,39,1,1,1,1
241,2,1062,680,154,49,1,1,1,1
242,0,1866,669,164,39,1,1,1,1
242,2,1060,680,154,49,1,1,1,1
243,0,1869,669,164,39,1,1,1,1
243,2,1058,680,155,49,1,1,1,1
244,0,1872,669,163,39,1,1,1,1
244,2,1056,680,155,49,1,1,1,1
245,0,1874,669,163,39,1,1,1,1
245,2,1055,680,155,49,1,1,1,1
246,0,1877,668,162,39,1,1,1,1
246,2,1053,680,155,49,1,1,1,1
247,0,1880,668,162,39,1,1,1,1
247,2,1051,680,156,49,1,1,1,1
248,0,1883,668,162,39,1,1,1,1
248,2,1050,680,156,49,1,1,1,1
249,0,1886,668,161,39,1,1,1,1
249,2,1048,680,156,49,1,1,1,1
250,0,1889,668,161,39,1,1,1,1
250,2,1046,680,156,49,1,1,1,1
251,0,1892,668,160,39,1,1,1,1
251,2,1044,680,156,49,1,1,1,1
252,0,1895,667,160,38,1,1,1,1
252,2,1041,680,156,49,1,1,1,1
253,0,1897,667,160,38,1,1,1,1
253,2,1039,680,156,50,1,1,1,1
254,0,1900,667,159,38,1,1,1,1
254,2,1037,680,156,50,1,1,1,1
255,0,1903,667,159,38,1,1,1,1
255,2,1035,680,157,50,1,1,1,1
256,0,1906,667,158,38,1,1,1,1
256,2,1033,680,157,50,1,1,1,1
257,0,1909,667,158,38,1,1,1,1
257,2,1030,680,157,50,1,1,1,1
258,0,1912,667,157,38,1,1,1,1
258,2,1028,680,157,50,1,1,1,1
259,0,1915,666,157,38,1,1,1,1
259,2,1026,680,157,50,1,1,1,1
260,0,1918,666,157,38,1,1,1,1
260,2,1024,680,157,50,1,1,1,1
261,0,1921,666,156,38,1,1,1,1
261,2,1022,680,157,51,1,1,1,1
262,0,1923,666,156,38,1,1,1,1
262,2,1019,681,157,51,1,1,1,1
263,0,1926,666,155,38,1,1,1,1
263,2,1017,681,157,51,1,1,1,1
264,0,1929,666,155,38,1,1,1,1
264,2,1015,681,157,51,1,1,1,1
265,0,1932,665,155,38,1,1,1,1
265,2,1013,681,158,51,1,1,1,1
266,0,1935,665,154,38,1,1,1,1
266,2,1011,681,158,51,1,1,1,1
267,0,1938,665,154,38,1,1,1,1
267,2,1008,681,158,51,1,1,1,1
268,0,1941,665,153,38,1,1,1,1
268,2,1006,681,158,52,1,1,1,1
269,0,1944,665,153,38,1,1,1,1
269,2,1004,681,158,52,1,1,1,1
270,0,1947,665,152,38,1,1,1,1
270,2,1002,681,158,52,1,1,1,1
271,0,1949,665,152,38,1,1,1,1
271,2,1000,681,158,52,1,1,1,1
272,0,1952,664,152,37,1,1,1,1
272,2,997,681,158,52,1,1,1,1
273,0,1955,664,151,37,1,1,1,1
273,2,995,681,158,52,1,1,1,1
274,0,1958,664,151,37,1,1,1,1
274,2,993,681,158,52,1,1,1,1
275,0,1961,664,150,37,1,1,1,1
275,2,991,681,159,53,1,1,1,1
276,0,1964,664,150,37,1,1,1,1
276,2,988,681,159,53,1,1,1,1
277,0,1967,664,150,37,1,1,1,1
277,2,986,681,159,53,1,1,1,1
278,0,1970,663,149,37,1,1,1,1
278,2,984,681,159,53,1,1,1,1
279,0,1972,663,149,37,1,1,1,1
279,2,982,681,159,53,1,1,1,1
280,0,1975,663,148,37,1,1,1,1
280,2,980,681,159,53,1,1,1,1
281,0,1978,663,148,37,1,1,1,1
281,2,977,681,159,53,1,1,1,1
282,0,1981,663,147,37,1,1,1,1
282,2,975,681,159,53,1,1,1,1
283,0,1984,663,147,37,1,1,1,1
283,2,973,681,159,54,1,1,1,1
284,0,1987,662,147,37,1,1,1,1
284,2,971,681,159,54,1,1,1,1
285,0,1990,662,146,37,1,1,1,1
285,2,969,681,159,54,1,1,1,1
286,0,1993,662,146,37,1,1,1,1
286,2,966,681,160,54,1,1,1,1
287,0,1996,662,145,37,1,1,1,1
287,2,964,681,160,54,1,1,1,1
288,0,1998,662,145,37,1,1,1,1
288,2,962,682,160,54,1,1,1,1
289,0,2001,662,145,37,1,1,1,1
289,2,960,682,160,54,1,1,1,1
290,0,2004,662,144,37,1,1,1,1
290,2,958,682,160,55,1,1,1,1
291,0,2007,661,144,36,1,1,1,1
291,2,955,682,160,55,1,1,1,1
292,0,2010,661,143,36,1,1,1,1
292,2,953,682,160,55,1,1,1,1
293,0,2013,661,143,36,1,1,1,1
293,2,951,682,160,55,1,1,1,1
294,0,2016,661,142,36,1,1,1,1
294,2,949,682,160,55,1,1,1,1
295,0,2019,661,142,36,1,1,1,1
295,2,947,682,160,55,1,1,1,1
296,0,2021,661,142,36,1,1,1,1
296,2,944,682,161,55,1,1,1,1
297,0,2024,660,141,36,1,1,1,1
297,2,942,682,161,56,1,1,1,1
298,0,2027,660,141,36,1,1,1,1
298,2,940,682,161,56,1,1,1,1
299,0,2030,660,140,36,1,1,1,1
299,2,938,682,161,56,1,1,1,1
300,0,2033,660,140,36,1,1,1,1
300,2,936,682,161,56,1,1,1,1
301,0,2035,660,140,36,1,1,1,1
301,2,933,682,161,56,1,1,1,1
302,0,2038,660,140,36,1,1,1,1
302,2,931,682,161,56,1,1,1,1
303,0,2040,660,139,36,1,1,1,1
303,2,929,682,161,56,1,1,1,1
304,0,2042,660,139,36,1,1,1,1
304,2,927,682,161,56,1,1,1,1
305,0,2044,660,139,35,1,1,1,1
305,2,925,682,161,57,1,1,1,1
306,0,2047,660,139,35,1,1,1,1
306,2,922,682,162,57,1,1,1,1
307,0,2049,660,138,35,1,1,1,1
307,2,920,682,162,57,1,1,1,1
308,0,2051,660,138,35,1,1,1,1
308,2,918,682,162,57,1,1,1,1
309,0,2053,660,138,35,1,1,1,1
309,2,916,682,162,57,1,1,1,1
310,0,2056,660,138,35,1,1,1,1
310,2,914,682,162,57,1,1,1,1
311,0,2058,660,137,35,1,1,1,1
311,2,911,682,162,57,1,1,1,1
312,0,2060,660,137,35,1,1,1,1
312,2,909,682,162,58,1,1,1,1
313,0,2062,660,137,35,1,1,1,1
313,2,907,682,162,58,1,1,1,1
314,0,2065,660,137,35,1,1,1,1
314,2,905,683,162,58,1,1,1,1
315,0,2067,660,136,34,1,1,1,1
315,2,903,683,162,58,1,1,1,1
316,0,2069,660,136,34,1,1,1,1
316,2,900,683,163,58,1,1,1,1
317,0,2071,660,136,34,1,1,1,1
317,2,898,683,163,58,1,1,1,1
318,0,2074,660,136,34,1,1,1,1
318,2,896,683,163,58,1,1,1,1
319,0,2076,660,135,34,1,1,1,1
319,2,894,683,163,59,1,1,1,1
320,0,2078,659,135,34,1,1,1,1
320,2,892,683,163,59,1,1,1,1
321,0,2080,659,135,34,1,1,1,1
321,2,889,683,163,59,1,1,1,1
322,0,2083,659,135,34,1,1,1,1
322,2,887,683,163,59,1,1,1,1
323,0,2085,659,134,34,1,1,1,1
323,2,885,683,163,59,1,1,1,1
324,0,2087,659,134,33,1,1,1,1
324,2,883,683,163,59,1,1,1,1
325,0,2089,659,134,33,1,1,1,1
325,2,881,683,163,59,1,1,1,1
326,0,2092,659,134,33,1,1,1,1
326,2,878,683,163,59,1,1,1,1
327,0,2094,659,133,33,1,1,1,1
327,2,876,683,164,60,1,1,1,1
328,0,2096,659,133,33,1,1,1,1
328,2,874,683,164,60,1,1,1,1
329,0,2098,659,133,33,1,1,1,1
329,2,872,683,164,60,1,1,1,1
330,0,2101,659,133,33,1,1,1,1
330,2,869,683,164,60,1,1,1,1
331,0,2103,659,132,33,1,1,1,1
331,2,867,683,164,60,1,1,1,1
332,0,2105,659,132,33,1,1,1,1
332,2,865,683,164,60,1,1,1,1
333,0,2107,659,132,33,1,1,1,1
333,2,863,683,164,60,1,1,1,1
334,0,2110,659,132,32,1,1,1,1
334,2,861,683,164,61,1,1,1,1
335,0,2112,659,131,32,1,1,1,1
335,2,858,683,164,61,1,1,1,1
336,0,2114,659,131,32,1,1,1,1
336,2,856,683,164,61,1,1,1,1
337,0,2116,659,131,32,1,1,1,1
337,2,854,683,165,61,1,1,1,1
338,0,2119,659,131,32,1,1,1,1
338,2,852,683,165,61,1,1,1,1
339,0,2121,659,130,32,1,1,1,1
339,2,850,683,165,61,1,1,1,1
340,0,2123,659,130,32,1,1,1,1
340,2,847,684,165,61,1,1,1,1
341,0,2125,659,130,32,1,1,1,1
341,2,845,684,165,62,1,1,1,1
342,0,2128,659,130,32,1,1,1,1
342,2,843,684,165,62,1,1,1,1
343,0,2130,659,129,31,1,1,1,1
343,2,841,684,165,62,1,1,1,1
344,0,2132,659,129,31,1,1,1,1
344,2,839,684,165,62,1,1,1,1
345,0,2134,659,129,31,1,1,1,1
345,2,836,684,165,62,1,1,1,1
346,0,2137,659,129,31,1,1,1,1
346,2,834,684,165,62,1,1,1,1
347,0,2139,659,128,31,1,1,1,1
347,2,832,684,166,62,1,1,1,1
348,0,2141,659,128,31,1,1,1,1
348,2,830,684,166,62,1,1,1,1
349,0,2143,659,128,31,1,1,1,1
349,2,828,684,166,63,1,1,1,1
350,0,2146,659,128,31,1,1,1,1
350,2,825,684,166,63,1,1,1,1
351,0,2148,659,127,31,1,1,1,1
351,2,823,684,166,63,1,1,1,1
352,0,2150,659,127,31,1,1,1,1
352,2,821,684,166,63,1,1,1,1
353,0,2152,659,127,30,1,1,1,1
353,2,818,684,166,63,1,1,1,1
354,0,2155,659,127,30,1,1,1,1
354,2,815,684,167,63,1,1,1,1
355,0,2157,659,126,30,1,1,1,1
355,2,812,685,167,63,1,1,1,1
356,0,2159,659,126,30,1,1,1,1
356,2,810,685,167,63,1,1,1,1
357,0,2161,659,126,30,1,1,1,1
357,2,807,685,168,62,1,1,1,1
358,0,2164,658,126,30,1,1,1,1
358,2,804,685,168,62,1,1,1,1
359,0,2166,658,125,30,1,1,1,1
359,2,801,686,168,62,1,1,1,1
360,0,2168,658,125,30,1,1,1,1
360,2,798,686,169,62,1,1,1,1
361,0,2170,658,125,30,1,1,1,1
361,2,795,686,169,62,1,1,1,1
362,0,2173,658,125,29,1,1,1,1
362,2,793,686,169,62,1,1,1,1
363,0,2175,658,124,29,1,1,1,1
363,2,790,687,170,62,1,1,1,1
364,0,2177,658,124,29,1,1,1,1
364,2,787,687,170,62,1,1,1,1
365,0,2179,658,124,29,1,1,1,1
365,2,784,687,171,62,1,1,1,1
366,0,2182,658,124,29,1,1,1,1
366,2,781,687,171,62,1,1,1,1
367,0,2184,658,123,29,1,1,1,1
367,2,778,688,171,61,1,1,1,1
368,0,2186,658,123,29,1,1,1,1
368,2,776,688,172,61,1,1,1,1
369,0,2188,658,123,29,1,1,1,1
369,2,773,688,172,61,1,1,1,1
370,0,2191,658,123,29,1,1,1,1
370,2,770,688,172,61,1,1,1,1
371,0,2193,658,122,29,1,1,1,1
371,2,767,689,173,61,1,1,1,1
372,0,2195,658,122,28,1,1,1,1
372,2,764,689,173,61,1,1,1,1
373,0,2197,658,122,28,1,1,1,1
373,2,761,689,173,61,1,1,1,1
374,0,2200,658,122,28,1,1,1,1
374,2,759,689,174,61,1,1,1,1
375,0,2202,658,121,28,1,1,1,1
375,2,756,690,174,61,1,1,1,1
376,0,2204,658,121,28,1,1,1,1
376,2,753,690,174,60,1,1,1,1
377,0,2206,658,121,28,1,1,1,1
377,2,750,690,175,60,1,1,1,1
378,0,2208,658,121,28,1,1,1,1
378,2,747,690,175,60,1,1,1,1
379,0,2210,658,120,28,1,1,1,1
379,2,744,690,175,60,1,1,1,1
380,0,2212,658,120,28,1,1,1,1
380,2,741,691,176,60,1,1,1,1
381,0,2214,657,120,29,1,1,1,1
381,2,739,691,176,60,1,1,1,1
382,0,2216,657,120,29,1,1,1,1
382,2,736,691,176,60,1,1,1,1
383,0,2217,657,119,29,1,1,1,1
383,2,733,691,177,60,1,1,1,1
384,0,2219,657,119,29,1,1,1,1
384,2,730,692,177,60,1,1,1,1
385,0,2221,657,119,29,1,1,1,1
385,2,727,692,177,59,1,1,1,1
386,0,2223,657,119,29,1,1,1,1
386,2,724,692,178,59,1,1,1,1
387,0,2225,657,118,29,1,1,1,1
387,2,722,692,178,59,1,1,1,1
388,0,2227,657,118,29,1,1,1,1
388,2,719,693,178,59,1,1,1,1
389,0,2229,656,118,30,1,1,1,1
389,2,716,693,179,59,1,1,1,1
390,0,2231,656,118,30,1,1,1,1
390,2,713,693,179,59,1,1,1,1
391,0,2233,656,118,30,1,1,1,1
391,2,710,693,180,59,1,1,1,1
392,0,2235,656,117,30,1,1,1,1
392,2,707,694,180,59,1,1,1,1
393,0,2237,656,117,30,1,1,1,1
393,2,705,694,180,59,1,1,1,1
394,0,2239,656,117,30,1,1,1,1
394,2,702,694,181,59,1,1,1,1
395,0,2241,656,117,30,1,1,1,1
395,2,699,694,181,58,1,1,1,1
396,0,2242,656,116,30,1,1,1,1
396,2,696,695,181,58,1,1,1,1
397,0,2244,655,116,31,1,1,1,1
397,2,693,695,182,58,1,1,1,1
398,0,2246,655,116,31,1,1,1,1
398,2,690,695,182,58,1,1,1,1
399,0,2248,655,116,31,1,1,1,1
399,2,688,695,182,58,1,1,1,1
400,0,2250,655,115,31,1,1,1,1
400,2,685,696,183,58,1,1,1,1
401,0,2252,655,115,31,1,1,1,1
401,2,682,696,183,58,1,1,1,1
402,0,2254,655,115,31,1,1,1,1
402,2,679,696,183,58,1,1,1,1
403,0,2256,655,115,31,1,1,1,1
403,2,676,696,184,58,1,1,1,1
404,0,2258,655,115,31,1,1,1,1
404,2,673,696,184,57,1,1,1,1
404,4,0,795,138,63,1,1,1,1
405,0,2260,654,114,32,1,1,1,1
405,2,670,697,184,57,1,1,1,1
405,4,0,794,152,64,1,1,1,1
406,0,2262,654,114,32,1,1,1,1
406,2,668,697,185,57,1,1,1,1
406,4,0,792,166,65,1,1,1,1
407,0,2264,654,114,32,1,1,1,1
407,2,665,697,185,57,1,1,1,1
407,4,0,791,180,67,1,1,1,1
408,0,2266,654,114,32,1,1,1,1
408,2,662,697,185,57,1,1,1,1
408,4,0,789,194,68,1,1,1,1
409,0,2267,654,113,32,1,1,1,1
409,2,659,698,186,57,1,1,1,1
409,4,0,788,208,69,1,1,1,1
410,0,2269,654,113,32,1,1,1,1
410,2,656,698,186,57,1,1,1,1
410,4,0,786,222,70,1,1,1,1
411,0,2271,654,113,32,1,1,1,1
411,2,653,698,186,57,1,1,1,1
411,4,0,785,236,71,1,1,1,1
412,0,2273,654,113,32,1,1,1,1
412,2,651,698,187,57,1,1,1,1
412,4,1,783,250,73,1,1,1,1
413,0,2275,653,112,33,1,1,1,1
413,2,648,699,187,56,1,1,1,1
413,4,1,782,264,74,1,1,1,1
414,0,2277,653,112,33,1,1,1,1
414,2,645,699,187,56,1,1,1,1
414,4,1,780,278,75,1,1,1,1
415,0,2279,653,112,33,1,1,1,1
415,2,642,699,188,56,1,1,1,1
415,4,1,779,292,76,1,1,1,1
416,0,2281,653,112,33,1,1,1,1
416,2,639,699,188,56,1,1,1,1
416,4,1,777,306,77,1,1,1,1
417,0,2283,653,112,33,1,1,1,1
417,2,636,700,189,56,1,1,1,1
417,4,1,776,320,79,1,1,1,1
418,0,2285,653,111,33,1,1,1,1
418,2,634,700,189,56,1,1,1,1
418,4,1,774,334,80,1,1,1,1
419,0,2287,653,111,33,1,1,1,1
419,2,631,700,189,56,1,1,1,1
419,4,1,773,348,81,1,1,1,1
420,0,2289,653,111,33,1,1,1,1
420,2,628,700,190,56,1,1,1,1
420,4,16,772,346,80,1,1,1,1
421,0,2291,652,111,34,1,1,1,1
421,2,625,701,190,56,1,1,1,1
421,4,31,772,344,79,1,1,1,1
422,0,2292,652,110,34,1,1,1,1
422,2,622,701,190,56,1,1,1,1
422,4,45,771,341,78,1,1,1,1
423,0,2294,652,110,34,1,1,1,1
423,2,619,701,191,55,1,1,1,1
423,4,60,771,339,78,1,1,1,1
424,0,2296,652,110,34,1,1,1,1
424,2,617,701,191,55,1,1,1,1
424,4,75,770,337,77,1,1,1,1
425,0,2298,652,110,34,1,1,1,1
425,2,614,702,191,55,1,1,1,1
425,4,90,769,335,76,1,1,1,1
426,0,2300,652,109,34,1,1,1,1
426,2,611,702,192,55,1,1,1,1
426,4,105,769,333,75,1,1,1,1
427,0,2302,652,109,34,1,1,1,1
427,2,608,702,192,55,1,1,1,1
427,4,119,768,330,74,1,1,1,1
428,0,2304,652,109,34,1,1,1,1
428,2,605,702,193,55,1,1,1,1
428,4,134,768,328,73,1,1,1,1
429,0,2306,651,109,35,1,1,1,1
429,2,602,702,193,55,1,1,1,1
429,4,149,767,326,73,1,1,1,1
430,0,2308,651,109,35,1,1,1,1
430,2,599,702,194,56,1,1,1,1
430,4,164,766,324,72,1,1,1,1
431,0,2310,651,108,35,1,1,1,1
431,2,596,702,194,56,1,1,1,1
431,4,179,766,322,71,1,1,1,1
432,0,2312,651,108,35,1,1,1,1
432,2,593,702,195,56,1,1,1,1
432,4,193,765,319,70,1,1,1,1
433,0,2314,651,108,35,1,1,1,1
433,2,590,702,195,56,1,1,1,1
433,4,208,765,317,69,1,1,1,1
434,0,2316,651,108,35,1,1,1,1
434,2,587,702,196,56,1,1,1,1
434,4,223,764,315,68,1,1,1,1
435,0,2317,651,107,35,1,1,1,1
435,2,584,703,196,57,1,1,1,1
435,4,238,763,313,67,1,1,1,1
436,0,2319,651,107,35,1,1,1,1
436,2,581,703,197,57,1,1,1,1
436,4,253,763,311,67,1,1,1,1
437,0,2321,650,107,36,1,1,1,1
437,2,578,703,197,57,1,1,1,1
437,4,267,762,308,66,1,1,1,1
438,0,2323,650,107,36,1,1,1,1
438,2,575,703,198,57,1,1,1,1
438,4,282,762,306,65,1,1,1,1
439,0,2325,650,106,36,1,1,1,1
439,2,572,703,198,57,1,1,1,1
439,4,297,761,304,64,1,1,1,1
440,0,2327,650,106,36,1,1,1,1
440,2,569,703,199,58,1,1,1,1
440,4,309,760,302,64,1,1,1,1
441,0,2329,650,106,36,1,1,1,1
441,2,566,703,199,58,1,1,1,1
441,4,321,759,300,64,1,1,1,1
442,0,2331,650,106,36,1,1,1,1
442,2,564,703,200,58,1,1,1,1
442,4,334,759,298,64,1,1,1,1
443,0,2332,650,106,36,1,1,1,1
443,2,561,703,201,58,1,1,1,1
443,4,346,758,297,64,1,1,1,1
444,0,2334,650,106,36,1,1,1,1
444,2,558,703,201,58,1,1,1,1
444,4,358,757,295,64,1,1,1,1
445,0,2335,650,106,36,1,1,1,1
445,2,555,703,202,59,1,1,1,1
445,4,370,756,293,64,1,1,1,1
446,0,2337,649,105,36,1,1,1,1
446,2,552,703,202,59,1,1,1,1
446,4,383,755,291,64,1,1,1,1
447,0,2339,649,105,36,1,1,1,1
447,2,549,703,203,59,1,1,1,1
447,4,395,754,289,64,1,1,1,1
448,0,2340,649,105,36,1,1,1,1
448,2,546,703,203,59,1,1,1,1
448,4,407,754,287,64,1,1,1,1
449,0,2342,649,105,36,1,1,1,1
449,2,543,703,204,59,1,1,1,1
449,4,419,753,285,64,1,1,1,1
450,0,2344,649,105,36,1,1,1,1
450,2,540,704,204,60,1,1,1,1
450,4,431,752,284,64,1,1,1,1
451,0,2345,649,105,35,1,1,1,1
451,2,537,704,205,60,1,1,1,1
451,4,444,751,282,64,1,1,1,1
452,0,2347,649,105,35,1,1,1,1
452,2,534,704,205,60,1,1,1,1
452,4,456,750,280,64,1,1,1,1
453,0,2348,649,105,35,1,1,1,1
453,2,531,704,206,60,1,1,1,1
453,4,468,750,278,64,1,1,1,1
454,0,2350,649,105,35,1,1,1,1
454,2,528,704,206,60,1,1,1,1
454,4,480,749,276,64,1,1,1,1
455,0,2352,649,105,35,1,1,1,1
455,2,525,704,207,61,1,1,1,1
455,4,493,748,274,64,1,1,1,1
456,0,2353,648,104,35,1,1,1,1
456,2,522,704,207,61,1,1,1,1
456,4,505,747,273,64,1,1,1,1
457,0,2355,648,104,35,1,1,1,1
457,2,519,704,208,61,1,1,1,1
457,4,517,746,271,64,1,1,1,1
458,0,2356,648,104,35,1,1,1,1
458,2,516,704,209,61,1,1,1,1
458,4,529,746,269,64,1,1,1,1
459,0,2358,648,104,35,1,1,1,1
459,2,513,704,209,61,1,1,1,1
459,4,541,745,267,64,1,1,1,1
460,0,2360,648,104,35,1,1,1,1
460,2,510,704,210,62,1,1,1,1
460,4,554,744,265,64,1,1,1,1
461,0,2361,648,104,35,1,1,1,1
461,2,507,704,210,62,1,1,1,1
461,4,566,743,263,64,1,1,1,1
462,0,2363,648,104,35,1,1,1,1
462,2,504,704,211,62,1,1,1,1
462,4,578,742,261,64,1,1,1,1
463,0,2365,648,104,35,1,1,1,1
463,2,501,704,211,62,1,1,1,1
463,4,590,741,260,64,1,1,1,1
464,0,2366,648,104,35,1,1,1,1
464,2,498,704,212,62,1,1,1,1
464,4,603,741,258,64,1,1,1,1
465,0,2368,648,104,35,1,1,1,1
465,2,495,705,212,63,1,1,1,1
465,4,615,740,256,64,1,1,1,1
466,0,2369,647,103,35,1,1,1,1
466,2,492,705,213,63,1,1,1,1
466,4,627,739,254,64,1,1,1,1
467,0,2371,647,103,35,1,1,1,1
467,2,489,705,213,63,1,1,1,1
467,4,637,739,252,64,1,1,1,1
468,0,2373,647,103,35,1,1,1,1
468,2,486,705,214,63,1,1,1,1
468,4,646,738,251,63,1,1,1,1
469,0,2374,647,103,35,1,1,1,1
469,2,483,705,214,63,1,1,1,1
469,4,656,738,249,63,1,1,1,1
470,0,2376,647,103,35,1,1,1,1
470,2,480,705,215,64,1,1,1,1
470,4,666,737,248,63,1,1,1,1
471,0,2377,647,103,34,1,1,1,1
471,2,477,705,215,64,1,1,1,1
471,4,675,737,246,63,1,1,1,1
472,0,2379,647,103,34,1,1,1,1
472,2,475,705,216,64,1,1,1,1
472,4,685,736,244,62,1,1,1,1
473,0,2381,647,103,34,1,1,1,1
473,2,472,705,217,64,1,1,1,1
473,4,695,736,243,62,1,1,1,1
474,0,2382,647,103,34,1,1,1,1
474,2,469,705,217,64,1,1,1,1
474,4,704,735,241,62,1,1,1,1
475,0,2384,647,103,34,1,1,1,1
475,2,466,705,218,65,1,1,1,1
475,4,714,735,239,62,1,1,1,1
476,0,2386,646,102,34,1,1,1,1
476,2,463,705,218,65,1,1,1,1
476,4,724,734,238,61,1,1,1,1
477,0,2387,646,102,34,1,1,1,1
477,2,460,705,219,65,1,1,1,1
477,4,733,734,236,61,1,1,1,1
478,0,2389,646,102,34,1,1,1,1
478,2,457,705,219,65,1,1,1,1
478,4,743,734,235,61,1,1,1,1
479,0,2390,646,102,34,1,1,1,1
479,2,454,705,220,65,1,1,1,1
479,4,753,733,233,61,1,1,1,1
480,0,2392,646,102,34,1,1,1,1
480,2,451,706,220,66,1,1,1,1
480,4,762,733,231,60,1,1,1,1
481,0,2394,646,102,34,1,1,1,1
481,2,448,706,221,66,1,1,1,1
481,4,772,732,230,60,1,1,1,1
482,0,2395,646,101,34,1,1,1,1
482,2,445,706,221,66,1,1,1,1
482,4,782,732,228,60,1,1,1,1
483,0,2397,646,101,34,1,1,1,1
483,2,442,706,222,66,1,1,1,1
483,4,792,731,227,60,1,1,1,1
484,0,2398,646,101,34,1,1,1,1
484,2,439,706,222,66,1,1,1,1
484,4,801,731,225,59,1,1,1,1
485,0,2400,646,101,34,1,1,1,1
485,2,436,706,223,67,1,1,1,1
485,4,811,730,223,59,1,1,1,1
486,0,2402,646,100,34,1,1,1,1
486,2,433,706,223,67,1,1,1,1
486,4,821,730,222,59,1,1,1,1
487,0,2403,646,100,33,1,1,1,1
487,2,430,706,224,67,1,1,1,1
487,4,830,730,220,59,1,1,1,1
488,0,2405,646,100,33,1,1,1,1
488,2,426,706,225,67,1,1,1,1
488,4,840,729,219,58,1,1,1,1
489,0,2407,646,99,33,1,1,1,1
489,2,422,706,226,67,1,1,1,1
489,4,850,729,217,58,1,1,1,1
490,0,2408,646,99,33,1,1,1,1
490,2,419,707,227,67,1,1,1,1
490,4,859,728,215,58,1,1,1,1
491,0,2410,646,99,33,1,1,1,1
491,2,415,707,228,67,1,1,1,1
491,4,869,728,214,58,1,1,1,1
492,0,2411,646,99,33,1,1,1,1
492,2,411,707,229,67,1,1,1,1
492,4,879,727,212,57,1,1,1,1
493,0,2413,647,98,33,1,1,1,1
493,2,407,707,230,67,1,1,1,1
493,4,888,727,210,57,1,1,1,1
494,0,2415,647,98,33,1,1,1,1
494,2,403,707,231,67,1,1,1,1
494,4,898,726,209,57,1,1,1,1
495,0,2416,647,98,33,1,1,1,1
495,2,400,708,233,66,1,1,1,1
495,4,908,726,207,57,1,1,1,1
496,0,2418,647,97,33,1,1,1,1
496,2,396,708,234,66,1,1,1,1
496,4,917,725,206,56,1,1,1,1
497,0,2419,647,97,33,1,1,1,1
497,2,392,708,235,66,1,1,1,1
497,4,927,725,204,56,1,1,1,1
498,0,2421,647,97,33,1,1,1,1
498,2,388,708,236,66,1,1,1,1
498,4,934,724,203,56,1,1,1,1
499,0,2423,647,97,32,1,1,1,1
499,2,384,708,237,66,1,1,1,1
499,4,942,724,202,56,1,1,1,1
500,0,2424,647,96,32,1,1,1,1
500,2,381,709,238,66,1,1,1,1
500,4,949,723,201,56,1,1,1,1
501,0,2426,647,96,32,1,1,1,1
501,2,377,709,239,66,1,1,1,1
501,4,957,723,200,56,1,1,1,1
502,0,2427,647,96,32,1,1,1,1
502,2,373,709,240,66,1,1,1,1
502,4,964,722,199,56,1,1,1,1
503,0,2429,647,95,32,1,1,1,1
503,2,369,709,241,66,1,1,1,1
503,4,971,721,198,56,1,1,1,1
504,0,2431,647,95,32,1,1,1,1
504,2,365,709,242,66,1,1,1,1
504,4,979,721,197,56,1,1,1,1
505,0,2432,647,95,32,1,1,1,1
505,2,362,710,243,66,1,1,1,1
505,4,986,720,196,56,1,1,1,1
506,0,2434,647,95,32,1,1,1,1
506,2,358,710,244,66,1,1,1,1
506,4,993,719,195,56,1,1,1,1
507,0,2436,647,94,32,1,1,1,1
507,2,354,710,245,66,1,1,1,1
507,4,1001,719,194,56,1,1,1,1
508,0,2437,647,94,32,1,1,1,1
508,2,350,710,246,66,1,1,1,1
508,4,1008,718,193,56,1,1,1,1
509,0,2439,647,94,32,1,1,1,1
509,2,346,710,247,66,1,1,1,1
509,4,1016,718,192,56,1,1,1,1
510,0,2440,647,93,32,1,1,1,1
510,2,343,711,249,65,1,1,1,1
510,4,1023,717,191,56,1,1,1,1
511,0,2442,647,93,31,1,1,1,1
511,2,339,711,250,65,1,1,1,1
511,4,1030,716,190,56,1,1,1,1
512,0,2444,647,93,31,1,1,1,1
512,2,335,711,251,65,1,1,1,1
512,4,1038,716,189,56,1,1,1,1
513,0,2445,647,93,31,1,1,1,1
513,2,331,711,252,65,1,1,1,1
513,4,1045,715,189,55,1,1,1,1
514,0,2447,647,92,31,1,1,1,1
514,2,327,711,253,65,1,1,1,1
514,4,1053,715,188,55,1,1,1,1
515,0,2448,647,92,31,1,1,1,1
515,2,324,712,254,65,1,1,1,1
515,4,1060,714,187,55,1,1,1,1
516,0,2450,647,92,31,1,1,1,1
516,2,320,712,255,65,1,1,1,1
516,4,1067,713,186,55,1,1,1,1
517,0,2452,648,91,31,1,1,1,1
517,2,316,712,256,65,1,1,1,1
517,4,1075,713,185,55,1,1,1,1
518,0,2453,648,91,31,1,1,1,1
518,2,313,712,256,65,1,1,1,1
518,4,1082,712,184,55,1,1,1,1
519,0,2455,648,91,31,1,1,1,1
519,2,309,712,256,65,1,1,1,1
519,4,1090,712,183,55,1,1,1,1
520,0,2456,648,91,31,1,1,1,1
520,2,306,712,255,65,1,1,1,1
520,4,1097,711,182,55,1,1,1,1
521,0,2458,648,90,31,1,1,1,1
521,2,303,712,255,65,1,1,1,1
521,4,1104,710,181,55,1,1,1,1
522,0,2460,648,90,31,1,1,1,1
522,2,300,712,255,65,1,1,1,1
522,4,1112,710,180,55,1,1,1,1
523,0,2461,648,90,30,1,1,1,1
523,2,296,712,255,65,1,1,1,1
523,4,1119,709,179,55,1,1,1,1
524,0,2463,648,89,30,1,1,1,1
524,2,293,713,255,66,1,1,1,1
524,4,1126,708,178,55,1,1,1,1
525,0,2465,648,89,30,1,1,1,1
525,2,290,713,254,66,1,1,1,1
525,4,1134,708,177,55,1,1,1,1
526,0,2466,648,89,30,1,1,1,1
526,2,286,713,254,66,1,1,1,1
526,4,1141,707,176,55,1,1,1,1
527,0,2468,648,89,30,1,1,1,1
527,2,283,713,254,66,1,1,1,1
527,4,1149,707,175,55,1,1,1,1
528,0,2469,648,88,30,1,1,1,1
528,2,280,713,254,66,1,1,1,1
528,4,1156,706,174,55,1,1,1,1
529,0,2471,648,88,30,1,1,1,1
529,2,277,713,254,66,1,1,1,1
529,4,1162,706,173,55,1,1,1,1
530,2,273,713,253,66,1,1,1,1
530,4,1168,706,173,54,1,1,1,1
531,2,270,713,253,66,1,1,1,1
531,4,1174,705,172,54,1,1,1,1
532,2,267,713,253,66,1,1,1,1
532,4,1180,705,172,54,1,1,1,1
533,2,264,713,253,66,1,1,1,1
533,4,1186,705,171,54,1,1,1,1
534,2,260,713,253,66,1,1,1,1
534,4,1192,705,171,53,1,1,1,1
535,2,257,713,252,66,1,1,1,1
535,4,1198,704,170,53,1,1,1,1
536,2,254,714,252,67,1,1,1,1
536,4,1204,704,170,53,1,1,1,1
537,2,250,714,252,67,1,1,1,1
537,4,1210,704,169,52,1,1,1,1
538,2,247,714,252,67,1,1,1,1
538,4,1216,704,169,52,1,1,1,1
539,2,244,714,252,67,1,1,1,1
539,4,1222,703,168,52,1,1,1,1
540,2,241,714,251,67,1,1,1,1
540,4,1228,703,168,52,1,1,1,1
541,2,237,714,251,67,1,1,1,1
541,4,1234,703,167,51,1,1,1,1
542,2,234,714,251,67,1,1,1,1
542,4,1240,703,167,51,1,1,1,1
543,2,230,714,252,67,1,1,1,1
543,4,1246,703,166,51,1,1,1,1
544,2,225,714,253,67,1,1,1,1
544,4,1252,702,166,50,1,1,1,1
545,2,221,715,253,67,1,1,1,1
545,4,1258,702,165,50,1,1,1,1
546,2,217,715,254,67,1,1,1,1
546,4,1263,702,165,50,1,1,1,1
547,2,212,715,255,67,1,1,1,1
547,4,1269,702,164,50,1,1,1,1
548,2,208,715,256,68,1,1,1,1
548,4,1275,701,164,49,1,1,1,1
549,2,204,715,257,68,1,1,1,1
549,4,1281,701,163,49,1,1,1,1
550,2,199,716,258,68,1,1,1,1
550,4,1287,701,163,49,1,1,1,1
551,2,195,716,258,68,1,1,1,1
551,4,1293,701,162,48,1,1,1,1
552,2,191,716,259,68,1,1,1,1
552,4,1299,701,162,48,1,1,1,1
553,2,186,716,260,68,1,1,1,1
553,4,1305,700,161,48,1,1,1,1
554,2,182,716,261,68,1,1,1,1
554,4,1311,700,161,48,1,1,1,1
555,2,178,717,262,68,1,1,1,1
555,4,1317,700,160,47,1,1,1,1
556,2,173,717,262,68,1,1,1,1
556,4,1323,700,160,47,1,1,1,1
557,2,169,717,263,68,1,1,1,1
557,4,1329,699,159,47,1,1,1,1
558,2,165,717,264,68,1,1,1,1
558,4,1335,699,159,46,1,1,1,1
559,2,160,717,265,69,1,1,1,1
559,4,1341,699,158,46,1,1,1,1
560,2,156,718,266,69,1,1,1,1
560,4,1347,699,158,46,1,1,1,1
561,2,152,718,266,69,1,1,1,1
561,4,1353,698,157,46,1,1,1,1
562,2,147,718,267,69,1,1,1,1
562,4,1359,698,157,45,1,1,1,1
563,2,143,718,268,69,1,1,1,1
563,4,1365,698,156,45,1,1,1,1
564,2,139,718,269,69,1,1,1,1
564,4,1370,697,155,45,1,1,1,1
565,2,134,719,270,69,1,1,1,1
565,4,1375,697,155,46,1,1,1,1
566,2,130,719,271,69,1,1,1,1
566,4,1380,696,154,46,1,1,1,1
567,2,126,719,271,69,1,1,1,1
567,4,1385,696,153,46,1,1,1,1
568,2,121,719,272,69,1,1,1,1
568,4,1390,695,152,47,1,1,1,1
569,2,117,720,273,70,1,1,1,1
569,4,1395,695,152,47,1,1,1,1
570,2,113,720,274,70,1,1,1,1
570,4,1399,694,151,47,1,1,1,1
571,2,108,720,275,70,1,1,1,1
571,4,1404,694,150,48,1,1,1,1
572,2,104,720,275,70,1,1,1,1
572,4,1409,693,150,48,1,1,1,1
573,2,100,720,276,70,1,1,1,1
573,4,1414,692,149,48,1,1,1,1
574,2,95,721,277,70,1,1,1,1
574,4,1419,692,148,49,1,1,1,1
575,2,91,721,278,70,1,1,1,1
575,4,1424,691,147,49,1,1,1,1
576,2,87,721,279,70,1,1,1,1
576,4,1429,691,147,49,1,1,1,1
577,2,82,721,280,70,1,1,1,1
577,4,1434,690,146,49,1,1,1,1
578,2,78,721,280,70,1,1,1,1
578,4,1439,690,145,50,1,1,1,1
579,2,74,722,281,70,1,1,1,1
579,4,1444,689,144,50,1,1,1,1
580,2,69,722,282,71,1,1,1,1
580,4,1449,688,144,50,1,1,1,1
581,2,65,722,283,71,1,1,1,1
581,4,1454,688,143,51,1,1,1,1
582,2,61,722,284,71,1,1,1,1
582,4,1458,687,142,51,1,1,1,1
583,2,56,722,284,71,1,1,1,1
583,4,1463,687,142,51,1,1,1,1
584,2,52,723,285,71,1,1,1,1
584,4,1468,686,141,52,1,1,1,1
585,2,48,723,286,71,1,1,1,1
585,4,1473,686,140,52,1,1,1,1
586,2,43,723,287,71,1,1,1,1
586,4,1478,685,139,52,1,1,1,1
587,2,39,723,288,71,1,1,1,1
587,4,1483,685,139,53,1,1,1,1
588,2,35,723,288,71,1,1,1,1
588,4,1488,684,138,53,1,1,1,1
589,2,30,724,289,71,1,1,1,1
589,4,1492,684,138,53,1,1,1,1
590,2,26,724,290,71,1,1,1,1
590,4,1497,684,137,52,1,1,1,1
591,2,22,724,291,72,1,1,1,1
591,4,1501,684,137,52,1,1,1,1
592,2,17,724,292,72,1,1,1,1
592,4,1505,684,136,52,1,1,1,1
593,2,13,724,293,72,1,1,1,1
593,4,1510,684,136,51,1,1,1,1
594,2,9,725,293,72,1,1,1,1
594,4,1514,684,136,51,1,1,1,1
595,2,4,725,294,72,1,1,1,1
595,4,1518,684,135,50,1,1,1,1
596,2,0,725,295,72,1,1,1,1
596,4,1523,684,135,50,1,1,1,1
597,2,0,725,291,72,1,1,1,1
597,4,1527,683,134,50,1,1,1,1
598,2,0,726,287,72,1,1,1,1
598,4,1531,683,134,49,1,1,1,1
599,2,0,726,283,71,1,1,1,1
599,4,1535,683,134,49,1,1,1,1
600,2,0,727,279,71,1,1,1,1
600,4,1540,683,133,49,1,1,1,1
601,2,0,727,275,71,1,1,1,1
601,4,1544,683,133,48,1,1,1,1
602,2,0,728,272,71,1,1,1,1
602,4,1548,683,132,48,1,1,1,1
603,2,0,728,268,70,1,1,1,1
603,4,1553,683,132,47,1,1,1,1
604,2,0,728,264,70,1,1,1,1
604,4,1557,683,132,47,1,1,1,1
605,2,0,729,260,70,1,1,1,1
605,4,1561,683,131,47,1,1,1,1
606,2,0,729,256,70,1,1,1,1
606,4,1566,683,131,46,1,1,1,1
607,2,0,730,252,69,1,1,1,1
607,4,1570,683,130,46,1,1,1,1
608,2,0,730,248,69,1,1,1,1
608,4,1574,683,130,46,1,1,1,1
609,2,0,730,244,69,1,1,1,1
609,4,1579,683,129,45,1,1,1,1
610,2,0,731,240,69,1,1,1,1
610,4,1583,683,129,45,1,1,1,1
611,2,0,731,236,68,1,1,1,1
611,4,1587,683,129,44,1,1,1,1
612,2,0,732,232,68,1,1,1,1
612,4,1592,683,128,44,1,1,1,1
613,2,0,732,228,68,1,1,1,1
613,4,1596,682,128,44,1,1,1,1
614,2,0,733,225,68,1,1,1,1
614,4,1600,682,127,43,1,1,1,1
615,2,0,733,221,67,1,1,1,1
615,4,1604,682,127,43,1,1,1,1
616,2,0,733,217,67,1,1,1,1
616,4,1609,682,127,43,1,1,1,1
617,2,0,734,213,67,1,1,1,1
617,4,1613,682,126,42,1,1,1,1
618,2,0,734,209,67,1,1,1,1
618,4,1617,682,126,42,1,1,1,1
619,2,0,735,205,66,1,1,1,1
619,4,1622,682,125,41,1,1,1,1
620,2,0,735,201,66,1,1,1,1
620,4,1626,682,125,41,1,1,1,1
