2,0,568,728,409,77,1,1,1,1
2,0,2100,646,142,58,1,1,1,1
2,0,1438,659,121,53,1,1,1,1
2,0,281,724,214,63,1,1,1,1
3,0,565,725,431,82,1,1,1,1
3,0,2105,648,136,55,1,1,1,1
3,0,1437,659,123,53,1,1,1,1
3,0,275,723,220,65,1,1,1,1
4,0,582,726,415,79,1,1,1,1
4,0,2108,647,135,55,1,1,1,1
4,0,1435,659,124,53,1,1,1,1
4,0,272,724,222,65,1,1,1,1
5,0,591,726,411,78,1,1,1,1
5,0,2109,646,138,57,1,1,1,1
5,0,1433,658,125,55,1,1,1,1
5,0,269,723,222,65,1,1,1,1
6,0,599,726,413,79,1,1,1,1
6,0,2111,646,139,57,1,1,1,1
6,0,1432,658,124,55,1,1,1,1
6,0,266,723,225,66,1,1,1,1
7,0,610,726,409,78,1,1,1,1
7,0,2114,646,138,56,1,1,1,1
7,0,1430,658,124,55,1,1,1,1
7,0,266,724,221,65,1,1,1,1
8,0,625,726,393,76,1,1,1,1
8,0,2117,645,139,57,1,1,1,1
8,0,1430,659,121,53,1,1,1,1
8,0,263,724,221,65,1,1,1,1
9,0,635,725,391,75,1,1,1,1
9,0,2121,647,135,55,1,1,1,1
9,0,1430,659,119,53,1,1,1,1
9,0,262,724,221,65,1,1,1,1
10,0,636,723,401,78,1,1,1,1
10,0,2124,646,135,55,1,1,1,1
10,0,1427,660,121,53,1,1,1,1
10,0,258,724,223,66,1,1,1,1
11,0,646,723,398,77,1,1,1,1
11,0,2126,646,137,56,1,1,1,1
11,0,1425,660,122,53,1,1,1,1
11,0,257,724,221,66,1,1,1,1
12,0,660,723,389,76,1,1,1,1
12,0,2128,646,136,55,1,1,1,1
12,0,1422,659,126,55,1,1,1,1
12,0,253,723,224,67,1,1,1,1
13,0,670,723,383,75,1,1,1,1
13,0,2131,647,135,54,1,1,1,1
13,0,1421,659,127,56,1,1,1,1
13,0,251,723,225,67,1,1,1,1
14,0,678,723,380,74,1,1,1,1
14,0,2131,646,139,56,1,1,1,1
14,0,1419,658,129,57,1,1,1,1
14,0,247,723,227,68,1,1,1,1
15,0,680,721,395,77,1,1,1,1
15,0,2135,646,136,55,1,1,1,1
15,0,1417,659,128,56,1,1,1,1
15,0,247,724,224,67,1,1,1,1
16,0,692,721,387,75,1,1,1,1
16,0,2137,646,138,55,1,1,1,1
16,0,1416,659,127,57,1,1,1,1
16,0,250,726,216,64,1,1,1,1
17,0,699,720,386,76,1,1,1,1
17,0,2138,645,140,57,1,1,1,1
17,0,1415,658,128,57,1,1,1,1
17,0,249,727,216,64,1,1,1,1
18,0,710,720,381,75,1,1,1,1
18,0,2142,646,136,55,1,1,1,1
18,0,1414,658,128,57,1,1,1,1
18,0,241,725,224,66,1,1,1,1
19,0,721,720,376,75,1,1,1,1
19,0,2144,646,137,55,1,1,1,1
19,0,1413,658,127,57,1,1,1,1
19,0,236,724,227,68,1,1,1,1
20,0,730,720,373,74,1,1,1,1
20,0,2146,646,135,54,1,1,1,1
20,0,1412,659,125,55,1,1,1,1
20,0,238,725,223,67,1,1,1,1
21,0,741,720,366,73,1,1,1,1
21,0,2150,646,133,53,1,1,1,1
21,0,1411,659,125,55,1,1,1,1
21,0,237,726,221,65,1,1,1,1
22,0,748,720,364,72,1,1,1,1
22,0,2153,646,134,53,1,1,1,1
22,0,1410,659,124,55,1,1,1,1
22,0,236,726,219,65,1,1,1,1
23,0,756,719,366,73,1,1,1,1
23,0,2155,646,135,53,1,1,1,1
23,0,1410,660,121,54,1,1,1,1
23,0,236,728,212,62,1,1,1,1
24,0,765,718,366,73,1,1,1,1
24,0,2159,645,133,53,1,1,1,1
24,0,1409,661,121,53,1,1,1,1
24,0,232,727,218,64,1,1,1,1
25,0,771,718,368,73,1,1,1,1
25,0,2160,645,135,54,1,1,1,1
25,0,1408,661,121,53,1,1,1,1
25,0,227,726,223,66,1,1,1,1
26,0,784,718,359,72,1,1,1,1
26,0,2163,646,132,53,1,1,1,1
26,0,1408,662,119,52,1,1,1,1
26,0,226,727,222,65,1,1,1,1
27,0,792,717,355,71,1,1,1,1
27,0,2165,645,132,53,1,1,1,1
27,0,1407,663,119,51,1,1,1,1
27,0,225,728,217,63,1,1,1,1
28,0,800,717,359,72,1,1,1,1
28,0,2167,645,132,53,1,1,1,1
28,0,1405,663,121,51,1,1,1,1
28,0,223,729,217,64,1,1,1,1
29,0,809,717,353,71,1,1,1,1
29,0,2170,646,130,52,1,1,1,1
29,0,1404,663,121,52,1,1,1,1
29,0,216,726,226,67,1,1,1,1
30,0,817,717,348,71,1,1,1,1
30,0,2173,645,129,52,1,1,1,1
30,0,1401,663,122,52,1,1,1,1
30,0,211,725,231,68,1,1,1,1
31,0,825,717,344,69,1,1,1,1
31,0,2176,646,127,51,1,1,1,1
31,0,1400,663,121,52,1,1,1,1
31,0,210,725,230,68,1,1,1,1
32,0,836,717,339,68,1,1,1,1
32,0,2179,647,125,49,1,1,1,1
32,0,1399,662,121,52,1,1,1,1
32,0,208,725,229,69,1,1,1,1
33,0,845,716,335,67,1,1,1,1
33,0,2182,647,124,49,1,1,1,1
33,0,1397,662,122,52,1,1,1,1
33,0,205,725,233,69,1,1,1,1
34,0,851,716,337,67,1,1,1,1
34,0,2182,646,129,51,1,1,1,1
34,0,1396,663,121,51,1,1,1,1
34,0,205,726,228,68,1,1,1,1
35,0,862,716,331,66,1,1,1,1
35,0,2185,646,127,51,1,1,1,1
35,0,1395,663,121,51,1,1,1,1
35,0,204,726,225,67,1,1,1,1
36,0,865,715,338,68,1,1,1,1
36,0,2187,645,128,51,1,1,1,1
36,0,1394,663,121,51,1,1,1,1
36,0,200,726,227,68,1,1,1,1
37,0,871,714,340,69,1,1,1,1
37,0,2189,645,128,51,1,1,1,1
37,0,1391,663,123,52,1,1,1,1
37,0,198,726,227,68,1,1,1,1
38,0,879,714,338,68,1,1,1,1
38,0,2191,645,129,51,1,1,1,1
38,0,1390,663,123,51,1,1,1,1
38,0,197,726,225,67,1,1,1,1
39,0,886,714,336,68,1,1,1,1
39,0,2193,646,128,51,1,1,1,1
39,0,1388,662,125,53,1,1,1,1
39,0,195,726,226,68,1,1,1,1
40,0,891,712,339,69,1,1,1,1
40,0,2194,646,130,51,1,1,1,1
40,0,1387,662,125,53,1,1,1,1
40,0,193,726,225,67,1,1,1,1
41,0,899,712,341,70,1,1,1,1
41,0,2194,644,135,54,1,1,1,1
41,0,1385,663,124,51,1,1,1,1
41,0,190,726,228,68,1,1,1,1
42,0,908,712,337,69,1,1,1,1
42,0,2198,644,133,53,1,1,1,1
42,0,1382,662,127,53,1,1,1,1
42,0,188,726,227,69,1,1,1,1
43,0,916,711,337,68,1,1,1,1
43,0,2200,644,133,54,1,1,1,1
43,0,1380,662,129,53,1,1,1,1
43,0,188,727,223,67,1,1,1,1
44,0,922,710,336,69,1,1,1,1
44,0,2205,645,129,52,1,1,1,1
44,0,1379,662,128,53,1,1,1,1
44,0,184,726,227,69,1,1,1,1
45,0,929,710,333,68,1,1,1,1
45,0,2204,644,132,53,1,1,1,1
45,0,1377,662,128,53,1,1,1,1
45,0,185,729,219,66,1,1,1,1
46,0,938,710,329,67,1,1,1,1
46,0,2207,643,132,53,1,1,1,1
46,0,1375,662,129,54,1,1,1,1
46,0,183,730,217,65,1,1,1,1
47,0,947,710,325,67,1,1,1,1
47,0,2211,644,128,52,1,1,1,1
47,0,1374,663,129,53,1,1,1,1
47,0,183,732,213,63,1,1,1,1
48,0,951,709,329,67,1,1,1,1
48,0,2213,645,127,51,1,1,1,1
48,0,1374,664,127,52,1,1,1,1
48,0,179,731,217,64,1,1,1,1
49,0,954,708,336,69,1,1,1,1
49,0,2217,646,124,50,1,1,1,1
49,0,1372,663,127,53,1,1,1,1
49,0,175,732,219,63,1,1,1,1
50,0,957,707,341,70,1,1,1,1
50,0,2220,646,123,49,1,1,1,1
50,0,1371,663,127,53,1,1,1,1
50,0,172,731,221,64,1,1,1,1
51,0,967,707,336,69,1,1,1,1
51,0,2219,644,129,52,1,1,1,1
51,0,1370,664,126,52,1,1,1,1
51,0,170,731,221,64,1,1,1,1
52,0,974,706,334,69,1,1,1,1
52,0,2221,644,129,52,1,1,1,1
52,0,1369,664,126,53,1,1,1,1
52,0,166,731,222,64,1,1,1,1
53,0,982,706,332,69,1,1,1,1
53,0,2226,644,123,51,1,1,1,1
53,0,1366,664,129,53,1,1,1,1
53,0,168,734,214,61,1,1,1,1
54,0,989,705,330,69,1,1,1,1
54,0,2226,644,127,51,1,1,1,1
54,0,1365,664,129,53,1,1,1,1
54,0,165,734,214,61,1,1,1,1
55,0,996,706,327,68,1,1,1,1
55,0,2229,644,127,52,1,1,1,1
55,0,1363,664,130,54,1,1,1,1
55,0,160,733,219,62,1,1,1,1
56,0,1003,705,325,69,1,1,1,1
56,0,2234,645,122,49,1,1,1,1
56,0,1361,664,130,54,1,1,1,1
56,0,158,733,219,62,1,1,1,1
57,0,1013,705,319,67,1,1,1,1
57,0,2236,644,123,50,1,1,1,1
57,0,1360,664,129,53,1,1,1,1
57,0,155,734,220,62,1,1,1,1
58,0,1022,705,316,66,1,1,1,1
58,0,2237,644,123,50,1,1,1,1
58,0,1359,663,127,53,1,1,1,1
58,0,154,734,219,61,1,1,1,1
59,0,1025,705,319,67,1,1,1,1
59,0,2239,644,123,50,1,1,1,1
59,0,1358,664,127,53,1,1,1,1
59,0,148,734,225,63,1,1,1,1
60,0,1032,705,316,66,1,1,1,1
60,0,2243,644,119,49,1,1,1,1
60,0,1356,663,127,53,1,1,1,1
60,0,147,734,224,62,1,1,1,1
61,0,1036,705,319,67,1,1,1,1
61,0,2244,644,121,49,1,1,1,1
61,0,1355,663,127,53,1,1,1,1
61,0,146,735,222,61,1,1,1,1
62,0,1042,704,318,67,1,1,1,1
62,0,2247,645,119,48,1,1,1,1
62,0,1353,663,129,54,1,1,1,1
62,0,143,735,223,62,1,1,1,1
63,0,1046,704,318,67,1,1,1,1
63,0,2248,644,121,49,1,1,1,1
63,0,1351,662,127,53,1,1,1,1
63,0,142,735,222,61,1,1,1,1
64,0,1051,704,318,67,1,1,1,1
64,0,2250,644,122,49,1,1,1,1
64,0,1350,664,127,53,1,1,1,1
64,0,137,735,227,62,1,1,1,1
65,0,1055,703,318,67,1,1,1,1
65,0,2252,644,121,49,1,1,1,1
65,0,1347,661,127,53,1,1,1,1
65,0,133,736,229,62,1,1,1,1
66,0,1059,703,318,67,1,1,1,1
66,0,2253,643,123,50,1,1,1,1
66,0,1347,661,127,53,1,1,1,1
66,0,130,736,232,63,1,1,1,1
67,0,1063,703,318,67,1,1,1,1
67,0,2256,643,121,49,1,1,1,1
67,0,1346,663,129,54,1,1,1,1
67,0,128,736,231,63,1,1,1,1
68,0,1068,703,318,67,1,1,1,1
68,0,2258,643,121,49,1,1,1,1
68,0,1343,661,127,53,1,1,1,1
68,0,127,736,229,63,1,1,1,1
69,0,1072,703,318,67,1,1,1,1
69,0,2260,643,122,49,1,1,1,1
69,0,1342,664,127,53,1,1,1,1
69,0,124,737,229,62,1,1,1,1
70,0,1076,703,318,67,1,1,1,1
70,0,2261,642,122,50,1,1,1,1
70,0,1338,659,127,53,1,1,1,1
70,0,121,737,231,63,1,1,1,1
71,0,1080,703,318,67,1,1,1,1
71,0,2265,643,120,49,1,1,1,1
71,0,1339,659,127,53,1,1,1,1
71,0,117,736,233,63,1,1,1,1
72,0,1084,703,318,67,1,1,1,1
72,0,2268,643,119,49,1,1,1,1
72,0,1339,663,129,54,1,1,1,1
72,0,115,736,233,63,1,1,1,1
73,0,1089,703,318,67,1,1,1,1
73,0,2269,643,120,49,1,1,1,1
73,0,1335,660,127,53,1,1,1,1
73,0,114,737,231,62,1,1,1,1
74,0,1093,703,318,67,1,1,1,1
74,0,2273,643,116,47,1,1,1,1
74,0,1334,664,127,53,1,1,1,1
74,0,113,738,229,61,1,1,1,1
75,0,1097,702,318,67,1,1,1,1
75,0,2273,643,120,49,1,1,1,1
75,0,1329,657,127,53,1,1,1,1
75,0,110,738,230,61,1,1,1,1
76,0,1101,702,318,67,1,1,1,1
76,0,2275,643,119,49,1,1,1,1
76,0,1331,657,127,53,1,1,1,1
76,0,104,737,237,64,1,1,1,1
77,0,1105,702,318,67,1,1,1,1
77,0,2276,643,121,49,1,1,1,1
77,0,1332,663,129,54,1,1,1,1
77,0,101,737,236,63,1,1,1,1
78,0,1109,702,318,67,1,1,1,1
78,0,2278,643,121,49,1,1,1,1
78,0,1327,659,127,53,1,1,1,1
78,0,99,737,235,63,1,1,1,1
79,0,1113,702,318,67,1,1,1,1
79,0,2279,641,122,51,1,1,1,1
79,0,1326,664,127,53,1,1,1,1
79,0,95,738,237,64,1,1,1,1
80,0,1117,702,318,67,1,1,1,1
80,0,2281,641,123,51,1,1,1,1
80,0,1320,655,127,53,1,1,1,1
80,0,90,738,242,65,1,1,1,1
81,0,1121,702,318,67,1,1,1,1
81,0,2283,641,122,51,1,1,1,1
81,0,1323,655,127,53,1,1,1,1
81,0,88,737,241,65,1,1,1,1
82,0,1125,702,318,67,1,1,1,1
82,0,2286,643,116,48,1,1,1,1
82,0,1325,663,129,54,1,1,1,1
82,0,86,737,241,65,1,1,1,1
83,0,1129,702,318,67,1,1,1,1
83,0,2290,644,113,47,1,1,1,1
83,0,1319,658,127,53,1,1,1,1
83,0,86,738,237,64,1,1,1,1
84,0,1133,702,318,67,1,1,1,1
84,0,2290,642,118,50,1,1,1,1
84,0,1318,664,127,53,1,1,1,1
84,0,84,738,237,64,1,1,1,1
85,0,1137,702,318,67,1,1,1,1
85,0,2292,642,118,49,1,1,1,1
85,0,1311,653,127,53,1,1,1,1
85,0,80,739,238,64,1,1,1,1
86,0,1141,701,318,67,1,1,1,1
86,0,2294,642,118,49,1,1,1,1
86,0,1315,653,127,53,1,1,1,1
86,0,77,739,240,65,1,1,1,1
87,0,1145,701,318,67,1,1,1,1
87,0,2296,642,119,49,1,1,1,1
87,0,1318,663,129,54,1,1,1,1
87,0,74,739,243,65,1,1,1,1
88,0,1149,701,318,67,1,1,1,1
88,0,2297,642,120,49,1,1,1,1
88,0,1311,657,127,53,1,1,1,1
88,0,70,738,245,66,1,1,1,1
89,0,1153,701,318,67,1,1,1,1
89,0,2300,642,118,49,1,1,1,1
89,0,1310,664,127,53,1,1,1,1
89,0,67,738,245,66,1,1,1,1
90,0,1156,701,318,67,1,1,1,1
90,0,2303,643,115,47,1,1,1,1
90,0,1302,651,127,53,1,1,1,1
90,0,65,738,245,67,1,1,1,1
91,0,1160,701,318,67,1,1,1,1
91,0,2307,644,111,45,1,1,1,1
91,0,1307,651,127,53,1,1,1,1
91,0,60,739,249,67,1,1,1,1
92,0,1164,701,318,67,1,1,1,1
92,0,2308,643,115,47,1,1,1,1
92,0,1311,663,129,54,1,1,1,1
92,0,57,738,251,68,1,1,1,1
93,0,1168,701,318,67,1,1,1,1
93,0,2309,643,116,48,1,1,1,1
93,0,1303,656,127,53,1,1,1,1
93,0,55,738,249,67,1,1,1,1
94,0,1172,701,318,67,1,1,1,1
94,0,2310,643,117,48,1,1,1,1
94,0,1302,664,127,53,1,1,1,1
94,0,48,737,257,70,1,1,1,1
95,0,1176,701,318,67,1,1,1,1
95,0,2312,643,117,48,1,1,1,1
95,0,1293,649,127,53,1,1,1,1
95,0,50,739,250,68,1,1,1,1
96,0,1180,701,318,67,1,1,1,1
96,0,2313,642,117,48,1,1,1,1
96,0,1299,649,127,53,1,1,1,1
96,0,50,739,246,67,1,1,1,1
97,0,1183,700,318,67,1,1,1,1
97,0,2312,641,121,50,1,1,1,1
97,0,1304,663,129,54,1,1,1,1
97,0,49,740,243,65,1,1,1,1
98,0,1187,700,318,67,1,1,1,1
98,0,2316,641,119,49,1,1,1,1
98,0,1295,655,127,53,1,1,1,1
98,0,45,740,246,67,1,1,1,1
99,0,1191,700,318,67,1,1,1,1
99,0,2318,641,119,49,1,1,1,1
99,0,1294,664,127,53,1,1,1,1
99,0,41,739,248,67,1,1,1,1
100,0,1195,700,318,67,1,1,1,1
100,0,2319,642,116,48,1,1,1,1
100,0,1284,647,127,53,1,1,1,1
100,0,39,739,246,66,1,1,1,1
101,0,1250,698,295,62,1,1,1,1
101,0,2321,643,115,47,1,1,1,1
101,0,1294,662,117,48,1,1,1,1
101,0,34,739,250,67,1,1,1,1
102,0,1254,698,295,62,1,1,1,1
102,0,2325,643,112,47,1,1,1,1
102,0,1297,663,129,54,1,1,1,1
102,0,29,739,255,69,1,1,1,1
103,0,1258,698,295,62,1,1,1,1
103,0,2327,643,112,47,1,1,1,1
103,0,1287,654,127,53,1,1,1,1
103,0,25,738,256,69,1,1,1,1
104,0,1262,698,295,62,1,1,1,1
104,0,2329,643,114,46,1,1,1,1
104,0,1286,664,127,53,1,1,1,1
104,0,21,737,260,71,1,1,1,1
105,0,1265,698,295,62,1,1,1,1
105,0,2331,643,112,46,1,1,1,1
105,0,1275,645,127,53,1,1,1,1
105,0,20,739,256,70,1,1,1,1
106,0,1292,696,287,61,1,1,1,1
106,0,2332,643,114,47,1,1,1,1
106,0,1285,661,124,51,1,1,1,1
106,0,16,739,256,70,1,1,1,1
107,0,1296,696,287,61,1,1,1,1
107,0,2335,643,112,46,1,1,1,1
107,0,1290,663,129,54,1,1,1,1
107,0,11,739,259,71,1,1,1,1
108,0,1299,696,287,61,1,1,1,1
108,0,2339,643,109,45,1,1,1,1
108,0,1279,653,127,53,1,1,1,1
108,0,10,740,257,70,1,1,1,1
109,0,1303,695,287,61,1,1,1,1
109,0,2340,642,111,46,1,1,1,1
109,0,1278,664,127,53,1,1,1,1
109,0,8,740,256,71,1,1,1,1
110,0,1306,695,287,61,1,1,1,1
110,0,2344,643,108,43,1,1,1,1
110,0,1266,643,127,53,1,1,1,1
110,0,7,741,253,69,1,1,1,1
111,0,1310,695,287,61,1,1,1,1
111,0,2344,643,108,44,1,1,1,1
111,0,1280,661,124,51,1,1,1,1
111,0,4,741,255,70,1,1,1,1
112,0,1314,695,287,61,1,1,1,1
112,0,2345,643,111,45,1,1,1,1
112,0,1283,663,129,54,1,1,1,1
112,0,0,741,257,71,1,1,1,1
113,0,1317,695,287,61,1,1,1,1
113,0,2347,644,112,45,1,1,1,1
113,0,1271,652,127,53,1,1,1,1
113,0,0,741,256,71,1,1,1,1
114,0,1321,695,287,61,1,1,1,1
114,0,2350,644,110,45,1,1,1,1
114,0,1270,664,127,53,1,1,1,1
114,0,0,741,255,72,1,1,1,1
115,0,1324,695,287,61,1,1,1,1
115,0,2350,643,113,46,1,1,1,1
115,0,1257,641,127,53,1,1,1,1
115,0,0,741,251,71,1,1,1,1
116,0,1352,691,273,59,1,1,1,1
116,0,2352,643,113,46,1,1,1,1
116,0,1268,661,123,51,1,1,1,1
116,0,0,742,248,69,1,1,1,1
117,0,1355,691,273,59,1,1,1,1
117,0,2355,643,111,45,1,1,1,1
117,0,1276,663,129,54,1,1,1,1
117,0,0,742,245,69,1,1,1,1
118,0,1359,691,273,59,1,1,1,1
118,0,2353,641,119,48,1,1,1,1
118,0,1263,651,127,53,1,1,1,1
118,0,0,743,242,66,1,1,1,1
119,0,1362,691,273,59,1,1,1,1
119,0,2354,640,119,48,1,1,1,1
119,0,1262,664,127,53,1,1,1,1
119,0,0,742,241,67,1,1,1,1
120,0,1366,691,273,59,1,1,1,1
120,0,2355,639,120,49,1,1,1,1
120,0,1248,639,127,53,1,1,1,1
120,0,0,742,239,67,1,1,1,1
121,0,1369,690,273,59,1,1,1,1
121,0,2358,640,117,48,1,1,1,1
121,0,1255,661,123,51,1,1,1,1
121,0,0,742,238,67,1,1,1,1
122,0,1372,690,273,59,1,1,1,1
122,0,2363,641,111,46,1,1,1,1
122,0,1269,663,129,54,1,1,1,1
122,0,0,742,236,67,1,1,1,1
123,0,1376,690,273,59,1,1,1,1
123,0,2362,639,116,49,1,1,1,1
123,0,1255,650,127,53,1,1,1,1
123,0,0,743,231,65,1,1,1,1
124,0,1380,690,273,59,1,1,1,1
124,0,2363,640,116,48,1,1,1,1
124,0,1254,664,127,53,1,1,1,1
124,0,1,744,226,63,1,1,1,1
125,0,1383,690,273,59,1,1,1,1
125,0,2366,641,113,47,1,1,1,1
125,0,1239,637,127,53,1,1,1,1
125,0,0,743,228,65,1,1,1,1
126,0,1399,687,269,58,1,1,1,1
126,0,2368,640,113,47,1,1,1,1
126,0,1239,643,128,53,1,1,1,1
126,0,0,744,229,65,1,1,1,1
127,0,1406,686,268,58,1,1,1,1
127,0,2370,640,113,47,1,1,1,1
127,0,0,744,227,65,1,1,1,1
128,0,1415,685,264,58,1,1,1,1
128,0,2373,640,111,47,1,1,1,1
128,0,0,744,226,65,1,1,1,1
128,0,1247,669,140,53,1,1,1,1
129,0,1422,685,257,57,1,1,1,1
129,0,2374,641,110,45,1,1,1,1
129,0,0,744,224,65,1,1,1,1
129,0,1246,668,140,53,1,1,1,1
130,0,1429,685,254,56,1,1,1,1
130,0,2377,641,110,45,1,1,1,1
130,0,0,744,222,65,1,1,1,1
130,0,1245,669,138,52,1,1,1,1
131,0,1433,685,252,56,1,1,1,1
131,0,2378,641,110,45,1,1,1,1
131,0,0,743,220,65,1,1,1,1
131,0,1240,667,144,55,1,1,1,1
132,0,1438,684,249,55,1,1,1,1
132,0,2379,641,111,46,1,1,1,1
132,0,0,744,215,63,1,1,1,1
132,0,1239,668,143,54,1,1,1,1
133,0,1444,685,248,55,1,1,1,1
133,0,2380,640,112,46,1,1,1,1
133,0,0,744,213,63,1,1,1,1
133,0,1238,668,142,55,1,1,1,1
134,0,1446,683,252,57,1,1,1,1
134,0,2382,640,111,46,1,1,1,1
134,0,0,744,211,63,1,1,1,1
134,0,1236,668,143,55,1,1,1,1
135,0,1453,684,248,56,1,1,1,1
135,0,2384,640,111,46,1,1,1,1
135,0,0,744,207,63,1,1,1,1
135,0,1233,668,145,55,1,1,1,1
136,0,1460,685,243,54,1,1,1,1
136,0,2387,640,110,46,1,1,1,1
136,0,0,744,205,63,1,1,1,1
136,0,1233,668,143,55,1,1,1,1
137,0,1466,685,239,53,1,1,1,1
137,0,2387,639,115,48,1,1,1,1
137,0,0,744,204,64,1,1,1,1
137,0,1231,668,144,55,1,1,1,1
138,0,1470,685,241,53,1,1,1,1
138,0,2389,639,116,49,1,1,1,1
138,0,0,745,200,63,1,1,1,1
138,0,1229,668,144,55,1,1,1,1
139,0,1473,684,242,54,1,1,1,1
139,0,2392,640,112,47,1,1,1,1
139,0,0,745,198,63,1,1,1,1
139,0,1228,670,143,54,1,1,1,1
140,0,1479,684,242,54,1,1,1,1
140,0,2395,640,112,47,1,1,1,1
140,0,0,745,195,63,1,1,1,1
140,0,1226,670,145,55,1,1,1,1
141,0,1481,684,247,55,1,1,1,1
141,0,2397,640,110,46,1,1,1,1
141,0,0,745,193,64,1,1,1,1
141,0,1225,669,145,55,1,1,1,1
142,0,1486,683,246,55,1,1,1,1
142,0,2399,641,106,44,1,1,1,1
142,0,0,746,192,63,1,1,1,1
142,0,1223,669,146,56,1,1,1,1
143,0,1490,683,247,55,1,1,1,1
143,0,2401,641,105,43,1,1,1,1
143,0,0,745,188,64,1,1,1,1
143,0,1221,669,147,56,1,1,1,1
144,0,1494,682,245,55,1,1,1,1
144,0,2402,641,107,43,1,1,1,1
144,0,0,745,184,63,1,1,1,1
144,0,1221,669,146,56,1,1,1,1
145,0,1499,682,242,55,1,1,1,1
145,0,2403,641,107,43,1,1,1,1
145,0,0,746,179,61,1,1,1,1
145,0,1218,668,149,57,1,1,1,1
146,0,1502,682,246,55,1,1,1,1
146,0,2404,640,108,45,1,1,1,1
146,0,0,746,178,62,1,1,1,1
146,0,1217,668,147,57,1,1,1,1
147,0,1507,681,245,55,1,1,1,1
147,0,2405,641,108,44,1,1,1,1
147,0,0,746,173,62,1,1,1,1
147,0,1217,669,144,55,1,1,1,1
148,0,1514,682,241,54,1,1,1,1
148,0,2405,640,109,45,1,1,1,1
148,0,0,747,169,61,1,1,1,1
148,0,1215,669,143,55,1,1,1,1
149,0,1516,682,242,55,1,1,1,1
149,0,2409,640,108,45,1,1,1,1
149,0,0,747,165,61,1,1,1,1
149,0,1214,670,143,54,1,1,1,1
150,0,1519,681,242,55,1,1,1,1
150,0,2410,639,109,45,1,1,1,1
150,0,0,747,164,62,1,1,1,1
150,0,1213,670,143,54,1,1,1,1
151,0,1524,681,241,55,1,1,1,1
151,0,2412,640,108,44,1,1,1,1
151,0,0,747,160,61,1,1,1,1
151,0,1213,671,140,53,1,1,1,1
152,0,1529,680,240,55,1,1,1,1
152,0,2414,640,108,44,1,1,1,1
152,0,0,747,158,62,1,1,1,1
152,0,1208,670,145,54,1,1,1,1
153,0,1533,680,240,55,1,1,1,1
153,0,2415,640,108,44,1,1,1,1
153,0,0,749,152,59,1,1,1,1
153,0,1206,669,146,55,1,1,1,1
154,0,1536,680,242,55,1,1,1,1
154,0,2416,639,110,45,1,1,1,1
154,0,0,749,149,59,1,1,1,1
154,0,1204,669,147,55,1,1,1,1
155,0,1542,679,242,56,1,1,1,1
155,0,2420,639,109,45,1,1,1,1
155,0,0,749,145,59,1,1,1,1
155,0,1201,669,151,56,1,1,1,1
156,0,1545,678,244,57,1,1,1,1
156,0,2423,640,107,43,1,1,1,1
156,0,0,750,141,58,1,1,1,1
156,0,1200,670,150,56,1,1,1,1
157,0,1552,680,236,55,1,1,1,1
157,0,2426,640,106,43,1,1,1,1
157,0,0,749,137,57,1,1,1,1
157,0,1199,670,149,55,1,1,1,1
158,0,1555,679,238,56,1,1,1,1
158,0,2425,639,109,45,1,1,1,1
158,0,0,749,134,57,1,1,1,1
158,0,1198,670,149,56,1,1,1,1
159,0,1559,678,238,56,1,1,1,1
159,0,2427,640,109,44,1,1,1,1
159,0,0,749,132,57,1,1,1,1
159,0,1196,670,150,56,1,1,1,1
160,0,1562,677,239,56,1,1,1,1
160,0,2429,639,106,44,1,1,1,1
160,0,0,749,129,57,1,1,1,1
160,0,1194,669,152,57,1,1,1,1
161,0,1568,677,234,56,1,1,1,1
161,0,2432,640,103,42,1,1,1,1
161,0,0,749,124,57,1,1,1,1
161,0,1193,670,151,56,1,1,1,1
162,0,1574,678,230,55,1,1,1,1
162,0,2431,640,106,43,1,1,1,1
162,0,0,750,119,56,1,1,1,1
162,0,1193,670,149,56,1,1,1,1
163,0,1578,677,231,55,1,1,1,1
163,0,2432,640,107,43,1,1,1,1
163,0,0,750,116,55,1,1,1,1
163,0,1191,670,149,55,1,1,1,1
164,0,1581,677,233,55,1,1,1,1
164,0,2434,641,104,41,1,1,1,1
164,0,0,750,112,55,1,1,1,1
164,0,1189,670,150,55,1,1,1,1
165,0,1584,677,232,55,1,1,1,1
165,0,2435,641,105,42,1,1,1,1
165,0,0,750,109,55,1,1,1,1
165,0,1188,670,151,55,1,1,1,1
166,0,1590,678,228,54,1,1,1,1
166,0,2435,640,107,43,1,1,1,1
166,0,0,750,107,55,1,1,1,1
166,0,1187,670,149,55,1,1,1,1
167,0,1597,679,222,53,1,1,1,1
167,0,2436,640,108,43,1,1,1,1
167,0,0,749,104,56,1,1,1,1
167,0,1186,670,149,55,1,1,1,1
168,0,1596,677,230,54,1,1,1,1
168,0,2439,640,108,43,1,1,1,1
168,0,0,748,101,58,1,1,1,1
168,0,1183,671,148,54,1,1,1,1
169,0,1604,678,222,53,1,1,1,1
169,0,2443,641,107,42,1,1,1,1
169,0,0,748,98,58,1,1,1,1
169,0,1182,671,146,53,1,1,1,1
170,0,1608,678,221,53,1,1,1,1
170,0,2446,641,103,41,1,1,1,1
170,0,0,748,95,58,1,1,1,1
170,0,1179,671,148,54,1,1,1,1
171,0,1610,677,225,54,1,1,1,1
171,0,2448,640,103,41,1,1,1,1
171,0,0,747,92,59,1,1,1,1
171,0,1178,671,150,54,1,1,1,1
172,0,1617,678,220,52,1,1,1,1
172,0,2451,641,100,39,1,1,1,1
172,0,0,747,89,59,1,1,1,1
172,0,1177,671,150,54,1,1,1,1
173,0,1621,677,221,53,1,1,1,1
173,0,2452,641,100,39,1,1,1,1
173,0,0,747,85,59,1,1,1,1
173,0,1175,670,152,55,1,1,1,1
174,0,1626,678,217,52,1,1,1,1
174,0,2454,640,100,40,1,1,1,1
174,0,0,748,80,57,1,1,1,1
174,0,1173,670,153,55,1,1,1,1
175,0,1628,678,218,52,1,1,1,1
175,0,2457,640,98,39,1,1,1,1
175,0,0,748,77,57,1,1,1,1
175,0,1171,670,155,56,1,1,1,1
176,0,1632,677,216,51,1,1,1,1
176,0,2458,640,98,39,1,1,1,1
176,0,0,748,74,58,1,1,1,1
176,0,1170,671,154,55,1,1,1,1
177,0,1636,677,217,51,1,1,1,1
177,0,2458,640,99,39,1,1,1,1
177,0,0,748,69,58,1,1,1,1
177,0,1167,671,155,56,1,1,1,1
178,0,1639,677,217,51,1,1,1,1
178,0,2458,639,101,40,1,1,1,1
178,0,0,750,64,55,1,1,1,1
178,0,1165,671,156,56,1,1,1,1
179,0,1642,676,218,52,1,1,1,1
179,0,2458,639,101,41,1,1,1,1
179,0,0,752,60,53,1,1,1,1
179,0,1162,670,159,58,1,1,1,1
180,0,1645,676,220,53,1,1,1,1
180,0,2459,640,100,40,1,1,1,1
180,0,0,753,56,51,1,1,1,1
180,0,1160,670,159,57,1,1,1,1
181,0,1649,676,222,53,1,1,1,1
181,0,2458,638,101,42,1,1,1,1
181,0,0,754,52,49,1,1,1,1
181,0,1159,670,159,58,1,1,1,1
182,0,1653,675,221,53,1,1,1,1
182,0,2460,638,99,41,1,1,1,1
182,0,0,753,50,51,1,1,1,1
182,0,1158,671,158,57,1,1,1,1
183,0,1656,676,221,53,1,1,1,1
183,0,2463,639,96,40,1,1,1,1
183,0,0,751,48,54,1,1,1,1
183,0,1157,671,157,57,1,1,1,1
184,0,1659,676,223,54,1,1,1,1
184,0,2464,639,95,41,1,1,1,1
184,0,0,752,44,52,1,1,1,1
184,0,1156,671,157,57,1,1,1,1
185,0,1663,676,223,54,1,1,1,1
185,0,2464,638,95,42,1,1,1,1
185,0,0,752,40,52,1,1,1,1
185,0,1154,671,158,57,1,1,1,1
186,0,1668,675,220,54,1,1,1,1
186,0,2464,637,95,44,1,1,1,1
186,0,0,753,36,50,1,1,1,1
186,0,1152,671,157,57,1,1,1,1
187,0,1671,674,219,54,1,1,1,1
187,0,2467,637,92,43,1,1,1,1
187,0,0,753,34,50,1,1,1,1
187,0,1151,671,157,57,1,1,1,1
188,0,1673,674,221,53,1,1,1,1
188,0,2470,637,89,43,1,1,1,1
188,0,1150,671,156,57,1,1,1,1
189,0,1676,673,225,55,1,1,1,1
189,0,2471,638,88,42,1,1,1,1
189,0,1149,671,154,57,1,1,1,1
190,0,1680,672,223,55,1,1,1,1
190,0,2474,639,85,41,1,1,1,1
190,0,1148,671,155,57,1,1,1,1
191,0,1684,672,220,55,1,1,1,1
191,0,2476,639,83,41,1,1,1,1
191,0,1145,671,156,57,1,1,1,1
192,0,1688,672,218,54,1,1,1,1
192,0,2476,639,83,41,1,1,1,1
192,0,1144,672,154,56,1,1,1,1
193,0,1694,672,213,53,1,1,1,1
193,0,2480,641,79,39,1,1,1,1
193,0,1140,672,157,57,1,1,1,1
194,0,1695,671,217,55,1,1,1,1
194,0,2482,640,77,39,1,1,1,1
194,0,1138,672,157,58,1,1,1,1
195,0,1698,671,219,55,1,1,1,1
195,0,2484,640,75,39,1,1,1,1
195,0,1136,672,157,58,1,1,1,1
196,0,1703,671,214,55,1,1,1,1
196,0,2485,641,74,39,1,1,1,1
196,0,1135,673,157,58,1,1,1,1
197,0,1706,670,215,55,1,1,1,1
197,0,2486,640,73,39,1,1,1,1
197,0,1134,673,156,57,1,1,1,1
198,0,1712,671,212,54,1,1,1,1
198,0,2483,640,76,41,1,1,1,1
198,0,1132,673,157,58,1,1,1,1
199,0,1716,671,211,54,1,1,1,1
199,0,2486,641,73,39,1,1,1,1
199,0,1130,673,159,58,1,1,1,1
200,0,1722,672,205,53,1,1,1,1
200,0,2489,641,70,39,1,1,1,1
200,0,1128,672,159,59,1,1,1,1
201,0,1725,672,204,53,1,1,1,1
201,0,2488,640,71,40,1,1,1,1
201,0,1127,672,159,59,1,1,1,1
202,0,1728,672,207,53,1,1,1,1
202,0,2489,640,70,41,1,1,1,1
202,0,1125,672,160,60,1,1,1,1
203,0,1730,671,208,54,1,1,1,1
203,0,2490,640,69,41,1,1,1,1
203,0,1124,672,160,60,1,1,1,1
204,0,1736,670,205,54,1,1,1,1
204,0,2493,641,66,39,1,1,1,1
204,0,1123,672,159,59,1,1,1,1
205,0,1742,671,199,51,1,1,1,1
205,0,2496,642,63,38,1,1,1,1
205,0,1122,672,157,59,1,1,1,1
206,0,1745,671,199,51,1,1,1,1
206,0,2496,641,63,38,1,1,1,1
206,0,1122,674,151,56,1,1,1,1
207,0,1747,670,201,53,1,1,1,1
207,0,2496,641,63,38,1,1,1,1
207,0,1121,675,149,55,1,1,1,1
208,0,1750,670,199,52,1,1,1,1
208,0,1119,676,150,55,1,1,1,1
209,0,1755,670,198,52,1,1,1,1
209,0,1118,676,149,55,1,1,1,1
210,0,1757,669,200,53,1,1,1,1
210,0,1116,676,151,55,1,1,1,1
210,0,2512,641,47,39,1,1,1,1
211,0,1761,669,198,53,1,1,1,1
211,0,1112,676,154,55,1,1,1,1
211,0,2514,641,45,39,1,1,1,1
212,0,1767,669,194,51,1,1,1,1
212,0,1109,675,158,57,1,1,1,1
212,0,2514,641,45,39,1,1,1,1
213,0,1769,669,195,52,1,1,1,1
213,0,1107,675,158,57,1,1,1,1
213,0,2515,641,44,39,1,1,1,1
214,0,1774,670,191,51,1,1,1,1
214,0,1105,675,159,58,1,1,1,1
214,0,2516,641,43,40,1,1,1,1
215,0,1779,670,189,50,1,1,1,1
215,0,1102,675,162,58,1,1,1,1
215,0,2518,642,41,38,1,1,1,1
216,0,1780,669,191,51,1,1,1,1
216,0,1101,676,159,57,1,1,1,1
216,0,2518,642,41,38,1,1,1,1
217,0,1785,670,187,50,1,1,1,1
217,0,1098,675,163,59,1,1,1,1
218,0,1790,671,184,49,1,1,1,1
218,0,1096,675,163,59,1,1,1,1
219,0,1792,670,185,49,1,1,1,1
219,0,1094,674,163,60,1,1,1,1
220,0,1795,670,186,49,1,1,1,1
220,0,1094,675,160,59,1,1,1,1
221,0,1797,670,189,49,1,1,1,1
221,0,1094,675,159,59,1,1,1,1
222,0,1801,670,185,49,1,1,1,1
222,0,1092,675,159,59,1,1,1,1
223,0,1803,670,184,48,1,1,1,1
223,0,1092,675,157,58,1,1,1,1
224,0,1806,670,186,49,1,1,1,1
224,0,1090,675,157,58,1,1,1,1
225,0,1811,670,180,47,1,1,1,1
225,0,1087,675,159,58,1,1,1,1
226,0,1816,670,177,47,1,1,1,1
226,0,1086,675,157,57,1,1,1,1
227,0,1817,670,182,47,1,1,1,1
227,0,1084,674,159,59,1,1,1,1
228,0,1821,670,180,47,1,1,1,1
228,0,1082,675,159,58,1,1,1,1
229,0,1825,670,178,47,1,1,1,1
229,0,1081,676,157,57,1,1,1,1
230,0,1829,670,177,46,1,1,1,1
230,0,1079,676,157,57,1,1,1,1
231,0,1830,670,181,47,1,1,1,1
231,0,1075,675,160,59,1,1,1,1
232,0,1834,670,179,47,1,1,1,1
232,0,1073,676,161,58,1,1,1,1
233,0,1837,669,179,47,1,1,1,1
233,0,1073,676,159,57,1,1,1,1
234,0,1839,669,180,47,1,1,1,1
234,0,1072,676,158,57,1,1,1,1
235,0,1843,668,180,47,1,1,1,1
235,0,1069,676,161,58,1,1,1,1
236,0,1845,668,182,48,1,1,1,1
236,0,1066,675,164,59,1,1,1,1
237,0,1849,668,181,47,1,1,1,1
237,0,1064,675,163,59,1,1,1,1
238,0,1850,667,185,49,1,1,1,1
238,0,1063,675,161,59,1,1,1,1
239,0,1854,668,182,47,1,1,1,1
239,0,1063,676,159,57,1,1,1,1
240,0,1855,667,184,48,1,1,1,1
240,0,1061,676,160,58,1,1,1,1
241,0,1858,667,182,48,1,1,1,1
241,0,1061,676,157,57,1,1,1,1
242,0,1862,667,180,47,1,1,1,1
242,0,1062,679,150,53,1,1,1,1
243,0,1864,667,182,48,1,1,1,1
243,0,1060,678,151,53,1,1,1,1
244,0,1868,667,180,47,1,1,1,1
244,0,1058,678,151,53,1,1,1,1
245,0,1873,667,177,47,1,1,1,1
245,0,1055,678,153,53,1,1,1,1
246,0,1877,667,174,45,1,1,1,1
246,0,1052,678,156,54,1,1,1,1
247,0,1878,667,175,46,1,1,1,1
247,0,1047,677,163,56,1,1,1,1
248,0,1882,666,173,46,1,1,1,1
248,0,1045,677,163,56,1,1,1,1
249,0,1884,666,173,45,1,1,1,1
249,0,1044,678,161,55,1,1,1,1
250,0,1887,666,175,46,1,1,1,1
250,0,1041,678,163,55,1,1,1,1
251,0,1890,666,173,45,1,1,1,1
251,0,1040,678,163,55,1,1,1,1
252,0,1891,666,175,45,1,1,1,1
252,0,1037,678,165,56,1,1,1,1
253,0,1894,666,175,46,1,1,1,1
253,0,1033,678,167,57,1,1,1,1
254,0,1896,665,177,47,1,1,1,1
254,0,1031,678,169,57,1,1,1,1
255,0,1901,667,172,45,1,1,1,1
255,0,1029,677,169,58,1,1,1,1
256,0,1905,667,169,44,1,1,1,1
256,0,1028,677,168,57,1,1,1,1
257,0,1906,666,171,45,1,1,1,1
257,0,1025,677,169,57,1,1,1,1
258,0,1908,666,173,45,1,1,1,1
258,0,1023,677,169,57,1,1,1,1
259,0,1911,666,174,45,1,1,1,1
259,0,1021,677,169,58,1,1,1,1
260,0,1916,667,170,44,1,1,1,1
260,0,1021,678,167,57,1,1,1,1
261,0,1917,666,171,45,1,1,1,1
261,0,1019,679,166,56,1,1,1,1
262,0,1921,666,168,45,1,1,1,1
262,0,1017,679,166,56,1,1,1,1
263,0,1925,666,166,44,1,1,1,1
263,0,1015,679,166,56,1,1,1,1
264,0,1926,665,169,45,1,1,1,1
264,0,1011,678,170,57,1,1,1,1
265,0,1929,665,170,45,1,1,1,1
265,0,1010,678,169,57,1,1,1,1
266,0,1934,667,164,43,1,1,1,1
266,0,1009,678,167,56,1,1,1,1
267,0,1938,667,160,41,1,1,1,1
267,0,1007,678,169,57,1,1,1,1
268,0,1943,668,156,40,1,1,1,1
268,0,1005,679,168,56,1,1,1,1
269,0,1945,667,158,41,1,1,1,1
269,0,1002,680,169,56,1,1,1,1
270,0,1948,667,160,41,1,1,1,1
270,0,1001,680,167,55,1,1,1,1
271,0,1950,666,162,42,1,1,1,1
271,0,998,680,169,56,1,1,1,1
272,0,1954,666,162,41,1,1,1,1
272,0,997,680,167,55,1,1,1,1
273,0,1956,665,162,42,1,1,1,1
273,0,994,680,169,55,1,1,1,1
274,0,1958,665,163,42,1,1,1,1
274,0,992,680,170,55,1,1,1,1
275,0,1959,664,165,43,1,1,1,1
275,0,989,680,170,56,1,1,1,1
276,0,1960,664,168,43,1,1,1,1
276,0,987,680,169,55,1,1,1,1
277,0,1962,663,171,44,1,1,1,1
277,0,984,680,171,56,1,1,1,1
278,0,1966,664,165,43,1,1,1,1
278,0,983,680,171,56,1,1,1,1
279,0,1966,662,172,45,1,1,1,1
279,0,983,681,167,55,1,1,1,1
280,0,1972,664,164,43,1,1,1,1
280,0,980,681,169,55,1,1,1,1
281,0,1975,662,164,44,1,1,1,1
281,0,977,680,169,55,1,1,1,1
282,0,1978,663,162,43,1,1,1,1
282,0,976,681,168,54,1,1,1,1
283,0,1978,662,167,44,1,1,1,1
283,0,974,681,167,54,1,1,1,1
284,0,1978,660,171,46,1,1,1,1
284,0,971,681,169,55,1,1,1,1
285,0,1979,660,172,47,1,1,1,1
285,0,969,682,169,54,1,1,1,1
286,0,1985,661,166,45,1,1,1,1
286,0,966,682,169,54,1,1,1,1
287,0,1988,660,166,45,1,1,1,1
287,0,964,683,169,54,1,1,1,1
288,0,1991,660,163,45,1,1,1,1
288,0,962,683,169,54,1,1,1,1
289,0,1995,661,159,43,1,1,1,1
289,0,960,683,169,54,1,1,1,1
290,0,1998,661,158,43,1,1,1,1
290,0,958,683,168,53,1,1,1,1
291,0,2003,662,153,41,1,1,1,1
291,0,953,682,174,55,1,1,1,1
292,0,2007,662,152,41,1,1,1,1
292,0,952,682,172,55,1,1,1,1
293,0,2008,661,155,43,1,1,1,1
293,0,950,682,173,55,1,1,1,1
294,0,2010,661,155,42,1,1,1,1
294,0,948,683,172,54,1,1,1,1
295,0,2015,663,150,40,1,1,1,1
295,0,946,683,171,54,1,1,1,1
296,0,2019,663,147,39,1,1,1,1
296,0,944,684,171,54,1,1,1,1
297,0,2021,663,148,39,1,1,1,1
297,0,942,684,171,54,1,1,1,1
298,0,2024,662,147,39,1,1,1,1
298,0,941,684,169,53,1,1,1,1
299,0,2025,662,148,39,1,1,1,1
299,0,939,684,169,53,1,1,1,1
300,0,2028,662,147,39,1,1,1,1
300,0,936,684,171,54,1,1,1,1
301,0,2029,662,150,39,1,1,1,1
301,0,933,685,172,53,1,1,1,1
302,0,2032,662,149,39,1,1,1,1
302,0,930,685,173,54,1,1,1,1
303,0,2034,662,148,39,1,1,1,1
303,0,930,685,169,53,1,1,1,1
304,0,2034,661,153,41,1,1,1,1
304,0,928,685,168,53,1,1,1,1
305,0,2037,662,151,39,1,1,1,1
305,0,924,685,171,53,1,1,1,1
306,0,2040,662,150,39,1,1,1,1
306,0,922,684,172,53,1,1,1,1
307,0,2042,662,150,39,1,1,1,1
307,0,921,685,171,53,1,1,1,1
308,0,2043,661,153,40,1,1,1,1
308,0,919,685,170,53,1,1,1,1
309,0,2048,662,148,39,1,1,1,1
309,0,918,685,169,53,1,1,1,1
310,0,2050,662,149,39,1,1,1,1
310,0,913,686,173,53,1,1,1,1
311,0,2053,662,149,39,1,1,1,1
311,0,908,685,177,54,1,1,1,1
312,0,2056,663,146,37,1,1,1,1
312,0,906,684,178,55,1,1,1,1
313,0,2057,663,146,37,1,1,1,1
313,0,904,685,176,54,1,1,1,1
314,0,2058,662,149,38,1,1,1,1
314,0,903,686,174,53,1,1,1,1
315,0,2059,662,151,39,1,1,1,1
315,0,901,686,173,53,1,1,1,1
316,0,2063,662,148,39,1,1,1,1
316,0,899,687,171,52,1,1,1,1
317,0,2066,663,148,38,1,1,1,1
317,0,897,687,171,53,1,1,1,1
318,0,2073,663,143,37,1,1,1,1
318,0,894,688,171,52,1,1,1,1
319,0,2074,663,144,36,1,1,1,1
319,0,892,688,172,52,1,1,1,1
320,0,2076,661,145,38,1,1,1,1
320,0,890,688,172,52,1,1,1,1
321,0,2078,661,147,38,1,1,1,1
321,0,887,687,175,53,1,1,1,1
322,0,2081,661,144,37,1,1,1,1
322,0,883,687,177,53,1,1,1,1
323,0,2084,661,143,37,1,1,1,1
323,0,879,686,181,55,1,1,1,1
324,0,2085,660,148,39,1,1,1,1
324,0,879,687,177,53,1,1,1,1
325,0,2088,661,145,37,1,1,1,1
325,0,876,687,179,54,1,1,1,1
326,0,2091,661,145,37,1,1,1,1
326,0,873,687,181,55,1,1,1,1
327,0,2095,661,140,36,1,1,1,1
327,0,871,686,181,55,1,1,1,1
328,0,2095,661,145,37,1,1,1,1
328,0,868,686,183,56,1,1,1,1
329,0,2096,659,148,38,1,1,1,1
329,0,866,687,182,55,1,1,1,1
330,0,2096,658,149,39,1,1,1,1
330,0,865,688,178,53,1,1,1,1
331,0,2097,658,151,39,1,1,1,1
331,0,863,688,178,54,1,1,1,1
332,0,2102,658,147,39,1,1,1,1
332,0,862,688,177,53,1,1,1,1
333,0,2105,658,147,39,1,1,1,1
333,0,859,688,178,54,1,1,1,1
334,0,2109,658,142,38,1,1,1,1
334,0,858,688,177,53,1,1,1,1
335,0,2112,658,142,37,1,1,1,1
335,0,855,688,178,54,1,1,1,1
336,0,2113,658,141,37,1,1,1,1
336,0,852,689,179,53,1,1,1,1
337,0,2113,657,144,38,1,1,1,1
337,0,850,689,177,53,1,1,1,1
338,0,2114,656,146,39,1,1,1,1
338,0,846,688,181,55,1,1,1,1
339,0,2117,656,147,40,1,1,1,1
339,0,843,688,182,55,1,1,1,1
340,0,2122,658,138,37,1,1,1,1
340,0,841,689,181,54,1,1,1,1
341,0,2122,656,144,39,1,1,1,1
341,0,840,689,178,54,1,1,1,1
342,0,2126,656,142,39,1,1,1,1
342,0,837,689,178,53,1,1,1,1
343,0,2127,656,143,39,1,1,1,1
343,0,835,690,177,53,1,1,1,1
344,0,2132,657,136,37,1,1,1,1
344,0,834,691,174,51,1,1,1,1
345,0,2133,657,139,37,1,1,1,1
345,0,830,690,177,53,1,1,1,1
346,0,2134,656,142,38,1,1,1,1
346,0,827,690,179,53,1,1,1,1
347,0,2136,656,140,38,1,1,1,1
347,0,824,690,180,53,1,1,1,1
348,0,2139,656,139,38,1,1,1,1
348,0,821,689,184,55,1,1,1,1
349,0,2139,655,141,39,1,1,1,1
349,0,819,690,184,54,1,1,1,1
350,0,2143,656,139,38,1,1,1,1
350,0,816,690,185,54,1,1,1,1
351,0,2145,656,138,38,1,1,1,1
351,0,813,690,187,55,1,1,1,1
352,0,2148,657,136,37,1,1,1,1
352,0,810,690,188,55,1,1,1,1
353,0,2150,657,137,37,1,1,1,1
353,0,807,690,188,55,1,1,1,1
354,0,2154,657,133,37,1,1,1,1
354,0,804,690,189,55,1,1,1,1
355,0,2157,658,132,36,1,1,1,1
355,0,802,691,187,54,1,1,1,1
356,0,2158,657,136,37,1,1,1,1
356,0,799,690,189,55,1,1,1,1
357,0,2162,656,135,37,1,1,1,1
357,0,797,691,187,54,1,1,1,1
358,0,2163,657,135,37,1,1,1,1
358,0,795,692,185,53,1,1,1,1
359,0,2167,658,131,35,1,1,1,1
359,0,792,692,185,53,1,1,1,1
360,0,2169,658,133,35,1,1,1,1
360,0,790,692,185,53,1,1,1,1
361,0,2170,656,134,36,1,1,1,1
361,0,787,692,186,53,1,1,1,1
362,0,2172,656,134,36,1,1,1,1
362,0,785,692,187,53,1,1,1,1
363,0,2175,657,133,35,1,1,1,1
363,0,782,692,188,53,1,1,1,1
364,0,2177,657,132,35,1,1,1,1
364,0,778,692,191,54,1,1,1,1
365,0,2178,657,135,36,1,1,1,1
365,0,775,693,191,53,1,1,1,1
366,0,2182,657,132,35,1,1,1,1
366,0,772,693,192,54,1,1,1,1
367,0,2183,657,135,35,1,1,1,1
367,0,770,693,192,54,1,1,1,1
368,0,2185,657,132,35,1,1,1,1
368,0,767,693,191,53,1,1,1,1
369,0,2188,658,128,33,1,1,1,1
369,0,764,693,192,54,1,1,1,1
370,0,2186,657,134,35,1,1,1,1
370,0,762,693,191,53,1,1,1,1
371,0,2187,657,135,35,1,1,1,1
371,0,757,693,195,55,1,1,1,1
372,0,2190,657,133,35,1,1,1,1
372,0,755,693,194,55,1,1,1,1
373,0,2189,656,139,37,1,1,1,1
373,0,752,694,194,54,1,1,1,1
374,0,2191,655,141,38,1,1,1,1
374,0,751,694,192,53,1,1,1,1
375,0,2194,655,139,37,1,1,1,1
375,0,746,693,198,55,1,1,1,1
376,0,2198,655,136,37,1,1,1,1
376,0,743,693,198,55,1,1,1,1
377,0,2201,656,134,36,1,1,1,1
377,0,738,693,200,56,1,1,1,1
378,0,2203,656,134,36,1,1,1,1
378,0,737,694,197,55,1,1,1,1
379,0,2206,656,132,35,1,1,1,1
379,0,736,695,193,53,1,1,1,1
380,0,2206,655,135,36,1,1,1,1
380,0,733,695,194,54,1,1,1,1
381,0,2211,656,129,35,1,1,1,1
381,0,731,696,194,53,1,1,1,1
382,0,2210,656,132,35,1,1,1,1
382,0,728,695,195,54,1,1,1,1
383,0,2211,655,133,36,1,1,1,1
383,0,726,696,193,53,1,1,1,1
384,0,2214,655,133,36,1,1,1,1
384,0,725,697,190,52,1,1,1,1
385,0,2215,654,134,36,1,1,1,1
385,0,723,697,189,52,1,1,1,1
386,0,2216,654,134,37,1,1,1,1
386,0,719,696,192,53,1,1,1,1
387,0,2217,654,135,37,1,1,1,1
387,0,715,697,195,53,1,1,1,1
388,0,2220,654,132,37,1,1,1,1
388,0,712,697,197,53,1,1,1,1
389,0,2222,655,132,36,1,1,1,1
389,0,708,696,199,54,1,1,1,1
390,0,2222,654,136,37,1,1,1,1
390,0,706,697,197,53,1,1,1,1
391,0,2225,654,136,37,1,1,1,1
391,0,705,697,195,53,1,1,1,1
392,0,2227,654,135,37,1,1,1,1
392,0,702,697,195,53,1,1,1,1
393,0,2229,653,136,38,1,1,1,1
393,0,699,697,196,53,1,1,1,1
394,0,2232,653,134,37,1,1,1,1
394,0,697,697,196,53,1,1,1,1
395,0,2234,653,136,37,1,1,1,1
395,0,694,698,196,53,1,1,1,1
396,0,2236,653,133,37,1,1,1,1
396,0,691,698,197,53,1,1,1,1
397,0,2239,652,132,37,1,1,1,1
397,0,689,699,195,52,1,1,1,1
398,0,2241,652,134,37,1,1,1,1
398,0,687,699,195,53,1,1,1,1
399,0,2246,653,126,36,1,1,1,1
399,0,683,699,197,52,1,1,1,1
400,0,2248,653,127,36,1,1,1,1
400,0,678,699,201,53,1,1,1,1
400,0,14,788,35,74,1,1,1,1
401,0,2247,653,131,37,1,1,1,1
401,0,675,699,203,53,1,1,1,1
401,0,20,784,38,77,1,1,1,1
402,0,2248,652,131,37,1,1,1,1
402,0,671,699,203,54,1,1,1,1
402,0,27,782,44,81,1,1,1,1
403,0,2253,653,126,35,1,1,1,1
403,0,668,699,203,54,1,1,1,1
403,0,32,784,45,76,1,1,1,1
404,0,2255,653,124,35,1,1,1,1
404,0,666,699,203,54,1,1,1,1
404,0,39,783,44,77,1,1,1,1
405,0,2255,653,126,35,1,1,1,1
405,0,665,699,201,53,1,1,1,1
406,0,2257,653,127,36,1,1,1,1
406,0,663,700,201,53,1,1,1,1
406,0,9,765,135,91,1,1,1,1
407,0,2258,652,129,36,1,1,1,1
407,0,661,700,198,53,1,1,1,1
407,0,21,772,126,84,1,1,1,1
408,0,2261,653,129,36,1,1,1,1
408,0,656,700,200,53,1,1,1,1
408,0,29,769,132,86,1,1,1,1
409,0,2266,653,125,36,1,1,1,1
409,0,654,701,199,52,1,1,1,1
409,0,34,769,136,87,1,1,1,1
410,0,2268,653,125,36,1,1,1,1
410,0,653,701,197,52,1,1,1,1
410,0,38,767,144,88,1,1,1,1
411,0,2268,652,128,36,1,1,1,1
411,0,648,700,201,53,1,1,1,1
411,0,45,769,147,87,1,1,1,1
412,0,2269,651,128,37,1,1,1,1
412,0,644,700,202,53,1,1,1,1
412,0,52,771,150,84,1,1,1,1
413,0,2274,652,124,35,1,1,1,1
413,0,639,700,206,54,1,1,1,1
413,0,58,774,152,79,1,1,1,1
414,0,2274,652,126,36,1,1,1,1
414,0,636,701,207,53,1,1,1,1
414,0,59,771,162,80,1,1,1,1
415,0,2276,652,124,35,1,1,1,1
415,0,633,701,207,54,1,1,1,1
415,0,61,770,174,81,1,1,1,1
416,0,2277,650,131,38,1,1,1,1
416,0,630,701,208,54,1,1,1,1
416,0,63,769,186,82,1,1,1,1
417,0,2279,652,127,36,1,1,1,1
417,0,628,701,208,54,1,1,1,1
417,0,64,769,199,82,1,1,1,1
418,0,2282,651,126,37,1,1,1,1
418,0,627,701,206,54,1,1,1,1
418,0,64,767,208,81,1,1,1,1
419,0,2283,652,123,35,1,1,1,1
419,0,626,701,205,53,1,1,1,1
419,0,72,771,209,77,1,1,1,1
420,0,2282,651,125,36,1,1,1,1
420,0,623,701,205,53,1,1,1,1
420,0,80,770,217,75,1,1,1,1
421,0,2285,652,124,36,1,1,1,1
421,0,618,700,209,55,1,1,1,1
421,0,88,770,230,75,1,1,1,1
422,0,2285,652,124,36,1,1,1,1
422,0,614,700,210,55,1,1,1,1
422,0,97,770,238,74,1,1,1,1
423,0,2288,651,121,36,1,1,1,1
423,0,611,701,211,55,1,1,1,1
423,0,106,768,250,75,1,1,1,1
424,0,2291,651,123,36,1,1,1,1
424,0,608,701,211,55,1,1,1,1
424,0,115,767,258,74,1,1,1,1
425,0,2292,650,126,37,1,1,1,1
425,0,606,700,211,55,1,1,1,1
425,0,131,767,257,73,1,1,1,1
426,0,2296,651,124,36,1,1,1,1
426,0,603,700,213,56,1,1,1,1
426,0,140,766,266,73,1,1,1,1
427,0,2297,650,125,37,1,1,1,1
427,0,601,701,211,55,1,1,1,1
427,0,152,766,271,72,1,1,1,1
428,0,2299,650,125,37,1,1,1,1
428,0,599,701,210,55,1,1,1,1
428,0,161,765,279,73,1,1,1,1
429,0,2300,651,125,37,1,1,1,1
429,0,598,703,208,54,1,1,1,1
429,0,171,764,283,73,1,1,1,1
430,0,2303,650,125,37,1,1,1,1
430,0,595,702,208,55,1,1,1,1
430,0,186,764,286,72,1,1,1,1
431,0,2304,649,125,37,1,1,1,1
431,0,592,702,209,55,1,1,1,1
431,0,199,763,287,71,1,1,1,1
432,0,2306,650,123,36,1,1,1,1
432,0,587,702,212,56,1,1,1,1
432,0,210,762,292,72,1,1,1,1
433,0,2308,651,118,35,1,1,1,1
433,0,587,703,207,55,1,1,1,1
433,0,223,761,293,71,1,1,1,1
434,0,2310,650,121,36,1,1,1,1
434,0,583,703,209,55,1,1,1,1
434,0,234,761,297,71,1,1,1,1
435,0,2312,650,121,36,1,1,1,1
435,0,581,704,207,54,1,1,1,1
435,0,248,760,294,71,1,1,1,1
436,0,2310,650,126,37,1,1,1,1
436,0,577,704,211,55,1,1,1,1
436,0,261,759,296,71,1,1,1,1
437,0,2314,650,122,37,1,1,1,1
437,0,574,703,212,56,1,1,1,1
437,0,273,759,296,70,1,1,1,1
438,0,2317,650,119,36,1,1,1,1
438,0,573,703,210,55,1,1,1,1
438,0,286,758,296,70,1,1,1,1
439,0,2319,649,122,36,1,1,1,1
439,0,569,703,213,56,1,1,1,1
439,0,298,756,296,70,1,1,1,1
440,0,2321,648,121,37,1,1,1,1
440,0,566,706,207,54,1,1,1,1
440,0,304,756,296,70,1,1,1,1
441,0,2320,649,120,36,1,1,1,1
441,0,563,706,211,55,1,1,1,1
441,0,309,756,296,70,1,1,1,1
442,0,2320,649,123,37,1,1,1,1
442,0,561,704,212,56,1,1,1,1
442,0,315,756,296,70,1,1,1,1
443,0,2321,648,122,37,1,1,1,1
443,0,561,703,210,55,1,1,1,1
443,0,321,756,296,70,1,1,1,1
444,0,2322,648,127,38,1,1,1,1
444,0,557,704,213,56,1,1,1,1
444,0,327,756,296,70,1,1,1,1
445,0,2327,648,120,36,1,1,1,1
445,0,551,708,207,54,1,1,1,1
445,0,332,755,296,70,1,1,1,1
446,0,2330,650,119,36,1,1,1,1
446,0,549,708,211,55,1,1,1,1
446,0,338,755,296,70,1,1,1,1
447,0,2331,649,119,36,1,1,1,1
447,0,548,705,212,56,1,1,1,1
447,0,344,755,296,70,1,1,1,1
448,0,2331,648,121,37,1,1,1,1
448,0,549,703,210,55,1,1,1,1
448,0,349,755,296,70,1,1,1,1
449,0,2336,648,118,36,1,1,1,1
449,0,545,705,213,56,1,1,1,1
449,0,355,755,296,70,1,1,1,1
450,0,2338,649,117,35,1,1,1,1
450,0,536,710,207,54,1,1,1,1
450,0,360,755,296,70,1,1,1,1
451,0,2339,649,116,35,1,1,1,1
451,0,535,710,211,55,1,1,1,1
451,0,366,754,296,70,1,1,1,1
452,0,2340,649,119,35,1,1,1,1
452,0,535,706,212,56,1,1,1,1
452,0,371,754,296,70,1,1,1,1
453,0,2343,650,116,34,1,1,1,1
453,0,537,703,210,55,1,1,1,1
453,0,377,754,296,70,1,1,1,1
454,0,2349,649,115,34,1,1,1,1
454,0,533,706,213,56,1,1,1,1
454,0,382,754,296,70,1,1,1,1
455,0,2347,648,122,36,1,1,1,1
455,0,521,712,207,54,1,1,1,1
455,0,388,754,296,70,1,1,1,1
456,0,2349,647,119,36,1,1,1,1
456,0,521,712,211,55,1,1,1,1
456,0,393,754,296,70,1,1,1,1
457,0,2347,648,119,35,1,1,1,1
457,0,522,707,212,56,1,1,1,1
457,0,398,754,296,70,1,1,1,1
458,0,2349,647,121,36,1,1,1,1
458,0,525,703,210,55,1,1,1,1
458,0,404,753,296,70,1,1,1,1
459,0,2352,647,121,36,1,1,1,1
459,0,521,707,213,56,1,1,1,1
459,0,409,753,296,70,1,1,1,1
460,0,2352,647,117,35,1,1,1,1
460,0,506,714,207,54,1,1,1,1
460,0,414,753,296,70,1,1,1,1
461,0,2352,647,122,36,1,1,1,1
461,0,507,714,211,55,1,1,1,1
461,0,419,753,296,70,1,1,1,1
462,0,2356,647,125,37,1,1,1,1
462,0,509,708,212,56,1,1,1,1
462,0,425,753,296,70,1,1,1,1
463,0,2358,648,122,36,1,1,1,1
463,0,513,703,210,55,1,1,1,1
463,0,430,753,296,70,1,1,1,1
464,0,2361,647,119,36,1,1,1,1
464,0,509,708,213,56,1,1,1,1
464,0,435,752,296,70,1,1,1,1
465,0,2361,647,122,37,1,1,1,1
465,0,491,716,207,54,1,1,1,1
465,0,445,753,296,70,1,1,1,1
466,0,2361,647,122,37,1,1,1,1
466,0,493,716,211,55,1,1,1,1
466,0,451,752,296,70,1,1,1,1
466,0,625,739,246,62,1,1,1,1
467,0,2365,648,116,35,1,1,1,1
467,0,496,709,212,56,1,1,1,1
467,0,456,752,296,70,1,1,1,1
467,0,631,739,246,62,1,1,1,1
468,0,2363,647,121,36,1,1,1,1
468,0,501,703,210,55,1,1,1,1
468,0,461,752,296,70,1,1,1,1
469,0,2366,647,118,36,1,1,1,1
469,0,497,709,213,56,1,1,1,1
469,0,466,752,296,70,1,1,1,1
469,0,658,737,243,61,1,1,1,1
470,0,2367,648,117,35,1,1,1,1
470,0,476,718,207,54,1,1,1,1
470,0,472,752,296,70,1,1,1,1
470,0,667,736,242,61,1,1,1,1
471,0,2368,648,118,35,1,1,1,1
471,0,479,718,211,55,1,1,1,1
471,0,477,752,296,70,1,1,1,1
472,0,2370,648,115,35,1,1,1,1
472,0,483,710,212,56,1,1,1,1
472,0,482,752,296,70,1,1,1,1
472,0,692,736,234,59,1,1,1,1
473,0,2371,648,118,35,1,1,1,1
473,0,489,703,210,55,1,1,1,1
473,0,487,751,296,70,1,1,1,1
473,0,702,735,233,59,1,1,1,1
474,0,2373,648,115,35,1,1,1,1
474,0,485,710,213,56,1,1,1,1
474,0,492,751,296,70,1,1,1,1
475,0,2375,647,116,35,1,1,1,1
475,0,461,720,207,54,1,1,1,1
475,0,497,751,296,70,1,1,1,1
475,0,721,735,233,59,1,1,1,1
476,0,2378,648,114,34,1,1,1,1
476,0,465,720,211,55,1,1,1,1
476,0,502,751,296,70,1,1,1,1
476,0,730,734,233,59,1,1,1,1
477,0,2379,647,117,35,1,1,1,1
477,0,470,711,212,56,1,1,1,1
477,0,507,751,296,70,1,1,1,1
478,0,2381,647,113,35,1,1,1,1
478,0,477,703,210,55,1,1,1,1
478,0,512,751,296,70,1,1,1,1
478,0,748,731,233,59,1,1,1,1
479,0,2381,647,116,35,1,1,1,1
479,0,473,711,213,56,1,1,1,1
479,0,517,751,296,70,1,1,1,1
479,0,758,731,232,58,1,1,1,1
480,0,2382,646,115,35,1,1,1,1
480,0,446,722,207,54,1,1,1,1
480,0,522,750,296,70,1,1,1,1
481,0,2385,646,114,35,1,1,1,1
481,0,451,722,211,55,1,1,1,1
481,0,527,750,296,70,1,1,1,1
481,0,777,729,231,59,1,1,1,1
482,0,2387,647,113,34,1,1,1,1
482,0,457,712,212,56,1,1,1,1
482,0,532,750,296,70,1,1,1,1
482,0,786,728,231,59,1,1,1,1
483,0,2388,646,113,35,1,1,1,1
483,0,465,703,210,55,1,1,1,1
483,0,537,750,296,70,1,1,1,1
484,0,2391,646,112,35,1,1,1,1
484,0,461,712,213,56,1,1,1,1
484,0,542,750,296,70,1,1,1,1
484,0,802,727,233,60,1,1,1,1
485,0,2392,646,111,34,1,1,1,1
485,0,431,724,207,54,1,1,1,1
485,0,547,750,296,70,1,1,1,1
485,0,811,727,233,60,1,1,1,1
486,0,2393,647,111,34,1,1,1,1
486,0,437,724,211,55,1,1,1,1
486,0,552,750,296,70,1,1,1,1
487,0,2396,647,110,34,1,1,1,1
487,0,444,713,212,56,1,1,1,1
487,0,556,749,296,70,1,1,1,1
487,0,828,725,231,60,1,1,1,1
488,0,2398,647,110,34,1,1,1,1
488,0,453,703,210,55,1,1,1,1
488,0,561,749,296,70,1,1,1,1
488,0,837,725,231,60,1,1,1,1
489,0,2401,647,108,33,1,1,1,1
489,0,449,713,213,56,1,1,1,1
489,0,566,749,296,70,1,1,1,1
490,0,2404,648,103,32,1,1,1,1
490,0,416,726,207,54,1,1,1,1
490,0,570,749,296,70,1,1,1,1
490,0,859,724,220,57,1,1,1,1
491,0,2408,647,102,32,1,1,1,1
491,0,423,726,211,55,1,1,1,1
491,0,575,749,296,70,1,1,1,1
491,0,868,723,219,58,1,1,1,1
492,0,2405,647,107,33,1,1,1,1
492,0,431,714,212,56,1,1,1,1
492,0,580,749,296,70,1,1,1,1
493,0,2405,647,107,33,1,1,1,1
493,0,441,703,210,55,1,1,1,1
493,0,584,749,296,70,1,1,1,1
493,0,885,722,217,57,1,1,1,1
494,0,2406,646,112,34,1,1,1,1
494,0,437,714,213,56,1,1,1,1
494,0,589,749,296,70,1,1,1,1
494,0,892,721,218,58,1,1,1,1
495,0,2411,646,108,33,1,1,1,1
495,0,401,728,207,54,1,1,1,1
495,0,593,748,296,70,1,1,1,1
495,0,902,721,215,57,1,1,1,1
496,0,2410,645,107,33,1,1,1,1
496,0,409,728,211,55,1,1,1,1
496,0,597,748,296,70,1,1,1,1
496,0,911,720,213,57,1,1,1,1
497,0,2412,646,108,33,1,1,1,1
497,0,418,715,212,56,1,1,1,1
497,0,602,748,296,70,1,1,1,1
497,0,920,721,210,56,1,1,1,1
498,0,2413,646,110,33,1,1,1,1
498,0,429,703,210,55,1,1,1,1
498,0,606,748,296,70,1,1,1,1
498,0,931,720,205,55,1,1,1,1
499,0,2415,645,109,34,1,1,1,1
499,0,425,715,213,56,1,1,1,1
499,0,610,748,296,70,1,1,1,1
499,0,937,719,208,57,1,1,1,1
500,0,2415,645,110,34,1,1,1,1
500,0,386,730,207,54,1,1,1,1
500,0,615,748,296,70,1,1,1,1
500,0,945,719,206,56,1,1,1,1
501,0,2419,645,109,34,1,1,1,1
501,0,387,714,228,60,1,1,1,1
501,0,619,747,296,70,1,1,1,1
501,0,953,719,204,55,1,1,1,1
502,0,2420,645,110,34,1,1,1,1
502,0,379,711,238,62,1,1,1,1
502,0,963,720,200,54,1,1,1,1
503,0,2419,644,111,35,1,1,1,1
503,0,374,709,242,63,1,1,1,1
503,0,971,720,198,54,1,1,1,1
504,0,2421,645,110,34,1,1,1,1
504,0,369,709,246,63,1,1,1,1
504,0,976,718,202,55,1,1,1,1
505,0,2425,646,106,33,1,1,1,1
505,0,366,709,246,63,1,1,1,1
505,0,984,717,202,55,1,1,1,1
506,0,2428,646,105,33,1,1,1,1
506,0,362,709,246,63,1,1,1,1
506,0,993,718,199,54,1,1,1,1
507,0,2428,645,109,35,1,1,1,1
507,0,360,710,244,63,1,1,1,1
507,0,1000,718,198,54,1,1,1,1
508,0,2429,646,107,33,1,1,1,1
508,0,357,711,244,62,1,1,1,1
508,0,1007,717,197,54,1,1,1,1
509,0,2432,646,106,33,1,1,1,1
509,0,352,710,247,63,1,1,1,1
509,0,1015,716,198,55,1,1,1,1
510,0,2433,646,108,33,1,1,1,1
510,0,346,709,253,65,1,1,1,1
510,0,1022,716,198,55,1,1,1,1
511,0,2435,646,105,33,1,1,1,1
511,0,345,711,246,62,1,1,1,1
511,0,1029,715,198,55,1,1,1,1
512,0,2435,646,110,34,1,1,1,1
512,0,342,712,244,61,1,1,1,1
512,0,1033,714,202,56,1,1,1,1
513,0,2437,646,109,34,1,1,1,1
513,0,340,713,241,60,1,1,1,1
513,0,1041,713,200,56,1,1,1,1
514,0,2438,647,105,33,1,1,1,1
514,0,337,713,241,61,1,1,1,1
514,0,1049,713,199,56,1,1,1,1
515,0,2440,646,106,33,1,1,1,1
515,0,331,713,245,61,1,1,1,1
515,0,1058,713,196,55,1,1,1,1
516,0,2445,646,103,32,1,1,1,1
516,0,327,713,247,61,1,1,1,1
516,0,1064,712,196,56,1,1,1,1
517,0,2447,646,103,32,1,1,1,1
517,0,324,714,248,61,1,1,1,1
517,0,1073,713,192,55,1,1,1,1
518,0,2445,645,104,33,1,1,1,1
518,0,322,715,246,60,1,1,1,1
518,0,1081,713,188,53,1,1,1,1
519,0,2450,645,102,32,1,1,1,1
519,0,318,715,246,61,1,1,1,1
519,0,1088,713,189,53,1,1,1,1
520,0,2449,644,107,34,1,1,1,1
520,0,314,715,248,60,1,1,1,1
520,0,1094,711,190,55,1,1,1,1
521,0,2451,643,107,34,1,1,1,1
521,0,311,715,247,60,1,1,1,1
521,0,1098,711,193,55,1,1,1,1
522,0,2452,644,105,33,1,1,1,1
522,0,308,716,247,60,1,1,1,1
522,0,1105,710,193,56,1,1,1,1
523,0,2454,643,103,33,1,1,1,1
523,0,304,716,248,60,1,1,1,1
523,0,1113,709,190,55,1,1,1,1
524,0,2455,643,103,33,1,1,1,1
524,0,295,715,258,63,1,1,1,1
524,0,1121,709,187,55,1,1,1,1
525,0,2456,643,103,34,1,1,1,1
525,0,291,714,259,63,1,1,1,1
525,0,1128,709,186,54,1,1,1,1
526,0,2455,643,104,36,1,1,1,1
526,0,291,716,254,62,1,1,1,1
526,0,1133,708,186,54,1,1,1,1
527,0,2454,642,105,36,1,1,1,1
527,0,287,716,255,61,1,1,1,1
527,0,1142,708,183,53,1,1,1,1
528,0,2456,642,103,36,1,1,1,1
528,0,283,716,257,62,1,1,1,1
528,0,1149,708,181,53,1,1,1,1
529,0,2458,642,101,35,1,1,1,1
529,0,280,716,257,61,1,1,1,1
529,0,1155,707,182,53,1,1,1,1
530,0,2457,641,102,37,1,1,1,1
530,0,274,716,259,62,1,1,1,1
530,0,1161,707,183,54,1,1,1,1
531,0,2459,641,100,37,1,1,1,1
531,0,270,717,258,61,1,1,1,1
531,0,1167,707,182,53,1,1,1,1
532,0,2462,642,97,35,1,1,1,1
532,0,265,717,260,61,1,1,1,1
532,0,1175,707,178,53,1,1,1,1
533,0,2462,642,97,36,1,1,1,1
533,0,261,717,259,61,1,1,1,1
533,0,1182,707,177,52,1,1,1,1
534,0,2463,644,96,36,1,1,1,1
534,0,256,716,263,63,1,1,1,1
534,0,1187,705,178,53,1,1,1,1
535,0,2464,641,95,37,1,1,1,1
535,0,251,716,265,63,1,1,1,1
535,0,1193,705,178,53,1,1,1,1
536,0,2467,642,92,35,1,1,1,1
536,0,247,717,266,63,1,1,1,1
536,0,1199,706,176,52,1,1,1,1
537,0,2470,641,89,35,1,1,1,1
537,0,247,718,263,62,1,1,1,1
537,0,1205,706,176,52,1,1,1,1
538,0,2472,642,87,35,1,1,1,1
538,0,244,718,263,63,1,1,1,1
538,0,1213,706,172,51,1,1,1,1
539,0,2473,642,86,36,1,1,1,1
539,0,241,719,263,62,1,1,1,1
539,0,1219,705,173,51,1,1,1,1
540,0,2476,642,83,35,1,1,1,1
540,0,239,720,258,60,1,1,1,1
540,0,1223,704,177,52,1,1,1,1
541,0,2476,642,83,35,1,1,1,1
541,0,233,719,261,61,1,1,1,1
541,0,1231,705,172,50,1,1,1,1
542,0,2476,641,83,37,1,1,1,1
542,0,229,719,263,62,1,1,1,1
542,0,1236,705,170,50,1,1,1,1
543,0,2479,641,80,36,1,1,1,1
543,0,226,719,263,62,1,1,1,1
543,0,1239,703,177,52,1,1,1,1
544,0,2480,640,79,36,1,1,1,1
544,0,221,718,265,63,1,1,1,1
544,0,1245,702,176,53,1,1,1,1
545,0,2482,640,77,36,1,1,1,1
545,0,217,719,268,63,1,1,1,1
545,0,1251,702,175,52,1,1,1,1
546,0,2481,641,78,36,1,1,1,1
546,0,215,719,265,63,1,1,1,1
546,0,1257,701,175,52,1,1,1,1
547,0,2484,641,75,36,1,1,1,1
547,0,209,719,271,63,1,1,1,1
547,0,1264,702,172,51,1,1,1,1
548,0,2486,640,73,36,1,1,1,1
548,0,203,719,271,64,1,1,1,1
548,0,1270,701,171,51,1,1,1,1
549,0,2485,641,74,36,1,1,1,1
549,0,202,721,262,61,1,1,1,1
549,0,1274,700,174,52,1,1,1,1
550,0,2486,641,73,35,1,1,1,1
550,0,200,722,259,60,1,1,1,1
550,0,1280,700,172,51,1,1,1,1
551,0,2489,642,70,34,1,1,1,1
551,0,196,721,261,61,1,1,1,1
551,0,1286,699,172,52,1,1,1,1
552,0,2490,641,69,35,1,1,1,1
552,0,192,721,261,61,1,1,1,1
552,0,1293,700,168,51,1,1,1,1
553,0,2491,641,68,35,1,1,1,1
553,0,188,721,263,61,1,1,1,1
553,0,1299,700,166,50,1,1,1,1
554,0,2490,640,69,37,1,1,1,1
554,0,181,721,271,63,1,1,1,1
554,0,1306,700,163,49,1,1,1,1
555,0,2491,640,68,37,1,1,1,1
555,0,177,721,271,63,1,1,1,1
555,0,1309,699,167,51,1,1,1,1
556,0,2492,640,67,35,1,1,1,1
556,0,169,719,277,64,1,1,1,1
556,0,1314,698,167,51,1,1,1,1
557,0,2492,639,67,37,1,1,1,1
557,0,165,719,277,65,1,1,1,1
557,0,1320,697,168,51,1,1,1,1
558,0,2494,641,65,35,1,1,1,1
558,0,160,719,278,65,1,1,1,1
558,0,1326,698,165,50,1,1,1,1
559,0,2494,641,65,34,1,1,1,1
559,0,158,720,274,63,1,1,1,1
559,0,1332,698,164,50,1,1,1,1
560,0,154,720,276,64,1,1,1,1
560,0,1337,697,165,50,1,1,1,1
561,0,150,719,278,65,1,1,1,1
561,0,1342,696,166,51,1,1,1,1
562,0,146,719,280,65,1,1,1,1
562,0,1347,697,165,51,1,1,1,1
563,0,141,720,279,64,1,1,1,1
563,0,1352,696,165,51,1,1,1,1
564,0,135,720,283,65,1,1,1,1
564,0,1358,695,163,51,1,1,1,1
565,0,129,720,285,65,1,1,1,1
565,0,1363,695,162,51,1,1,1,1
566,0,125,720,285,66,1,1,1,1
566,0,1368,695,162,51,1,1,1,1
567,0,121,720,285,67,1,1,1,1
567,0,1375,694,160,51,1,1,1,1
568,0,116,721,286,66,1,1,1,1
568,0,1379,694,163,51,1,1,1,1
569,0,113,721,285,67,1,1,1,1
569,0,1384,694,161,51,1,1,1,1
570,0,108,721,288,66,1,1,1,1
570,0,1389,693,162,52,1,1,1,1
571,0,108,722,284,66,1,1,1,1
571,0,1396,693,158,51,1,1,1,1
572,0,99,723,292,68,1,1,1,1
572,0,1401,693,156,50,1,1,1,1
573,0,98,724,286,66,1,1,1,1
573,0,1407,692,156,50,1,1,1,1
574,0,93,723,288,67,1,1,1,1
574,0,1412,692,155,50,1,1,1,1
575,0,90,724,284,66,1,1,1,1
575,0,1417,692,155,50,1,1,1,1
576,0,85,725,285,66,1,1,1,1
576,0,1424,693,150,49,1,1,1,1
577,0,81,725,286,66,1,1,1,1
577,0,1427,691,153,50,1,1,1,1
578,0,80,726,284,65,1,1,1,1
578,0,1431,691,153,49,1,1,1,1
579,0,76,726,284,65,1,1,1,1
579,0,1439,691,149,49,1,1,1,1
580,0,73,726,285,65,1,1,1,1
580,0,1442,690,150,48,1,1,1,1
581,0,67,726,288,66,1,1,1,1
581,0,1447,690,149,49,1,1,1,1
582,0,61,727,290,66,1,1,1,1
582,0,1452,690,151,49,1,1,1,1
583,0,55,727,291,66,1,1,1,1
583,0,1457,689,149,49,1,1,1,1
584,0,52,728,291,66,1,1,1,1
584,0,1459,688,154,51,1,1,1,1
585,0,46,729,292,66,1,1,1,1
585,0,1465,688,151,51,1,1,1,1
586,0,41,728,295,67,1,1,1,1
586,0,1471,689,148,49,1,1,1,1
587,0,37,729,294,66,1,1,1,1
587,0,1475,688,149,50,1,1,1,1
588,0,32,729,297,67,1,1,1,1
588,0,1479,688,148,50,1,1,1,1
589,0,28,730,296,66,1,1,1,1
589,0,1484,688,148,50,1,1,1,1
590,0,25,731,295,66,1,1,1,1
590,0,1490,688,145,49,1,1,1,1
591,0,21,731,295,66,1,1,1,1
591,0,1496,688,143,49,1,1,1,1
592,0,16,731,297,66,1,1,1,1
592,0,1500,688,142,48,1,1,1,1
593,0,12,731,297,66,1,1,1,1
593,0,1504,688,142,48,1,1,1,1
594,0,7,730,300,67,1,1,1,1
594,0,1508,687,145,49,1,1,1,1
595,0,4,731,299,66,1,1,1,1
595,0,1509,685,150,52,1,1,1,1
596,0,2,731,295,66,1,1,1,1
596,0,1514,686,147,50,1,1,1,1
597,0,0,731,295,66,1,1,1,1
597,0,1520,686,145,50,1,1,1,1
598,0,0,731,293,66,1,1,1,1
598,0,1525,685,142,50,1,1,1,1
599,0,0,731,290,66,1,1,1,1
599,0,1530,686,140,48,1,1,1,1
600,0,0,731,288,67,1,1,1,1
600,0,1537,687,135,47,1,1,1,1
601,0,0,731,284,67,1,1,1,1
601,0,1537,685,141,49,1,1,1,1
602,0,0,730,285,69,1,1,1,1
602,0,1543,685,139,49,1,1,1,1
603,0,0,728,288,72,1,1,1,1
603,0,1546,684,141,49,1,1,1,1
604,0,0,727,287,72,1,1,1,1
604,0,1550,683,140,49,1,1,1,1
605,0,0,727,284,73,1,1,1,1
605,0,1556,684,137,47,1,1,1,1
606,0,0,727,277,72,1,1,1,1
606,0,1559,683,139,49,1,1,1,1
607,0,0,727,273,73,1,1,1,1
607,0,1565,684,136,47,1,1,1,1
608,0,0,726,273,74,1,1,1,1
608,0,1568,684,137,48,1,1,1,1
609,0,0,725,271,76,1,1,1,1
609,0,1571,683,139,48,1,1,1,1
610,0,0,727,264,74,1,1,1,1
610,0,1576,684,137,48,1,1,1,1
611,0,0,728,260,74,1,1,1,1
611,0,1580,683,136,48,1,1,1,1
612,0,0,729,257,75,1,1,1,1
612,0,1584,683,136,48,1,1,1,1
613,0,0,730,249,73,1,1,1,1
613,0,1588,683,136,48,1,1,1,1
614,0,0,732,243,72,1,1,1,1
614,0,1591,682,139,49,1,1,1,1
615,0,0,735,234,68,1,1,1,1
615,0,1596,681,137,49,1,1,1,1
616,0,0,734,232,69,1,1,1,1
616,0,1600,681,137,49,1,1,1,1
617,0,0,735,226,69,1,1,1,1
617,0,1603,679,139,50,1,1,1,1
618,0,0,736,224,69,1,1,1,1
618,0,1607,679,138,50,1,1,1,1
619,0,0,737,220,69,1,1,1,1
619,0,1612,680,136,49,1,1,1,1
620,0,0,737,217,70,1,1,1,1
620,0,1614,680,137,50,1,1,1,1
