2,250000000,575,719,385,71,1,1,1,1
2,190000000,292,729,197,46,1,1,1,1
2,330000000,2109,654,126,40,1,1,1,1
3,250000000,583,719,383,70,1,1,1,1
3,190000000,289,729,197,46,1,1,1,1
3,330000000,2112,654,125,40,1,1,1,1
4,250000000,592,719,382,70,1,1,1,1
4,190000000,287,730,197,46,1,1,1,1
4,330000000,2115,653,125,40,1,1,1,1
5,250000000,600,719,380,70,1,1,1,1
5,190000000,284,730,198,46,1,1,1,1
5,330000000,2118,653,124,40,1,1,1,1
6,250000000,609,718,378,70,1,1,1,1
6,190000000,282,730,198,47,1,1,1,1
6,330000000,2120,653,124,40,1,1,1,1
7,250000000,617,718,377,70,1,1,1,1
7,190000000,279,730,198,47,1,1,1,1
7,330000000,2123,653,123,41,1,1,1,1
8,250000000,626,718,375,69,1,1,1,1
8,190000000,277,730,199,47,1,1,1,1
8,330000000,2126,653,122,41,1,1,1,1
9,250000000,634,718,374,69,1,1,1,1
9,190000000,274,730,199,47,1,1,1,1
9,330000000,2129,653,122,41,1,1,1,1
10,250000000,642,717,372,69,1,1,1,1
10,190000000,272,730,199,47,1,1,1,1
10,330000000,2131,652,121,41,1,1,1,1
11,250000000,651,717,370,69,1,1,1,1
11,190000000,269,731,200,47,1,1,1,1
11,330000000,2134,652,121,41,1,1,1,1
12,250000000,659,717,369,68,1,1,1,1
12,190000000,266,731,200,47,1,1,1,1
12,330000000,2137,652,120,41,1,1,1,1
13,250000000,668,717,367,68,1,1,1,1
13,190000000,264,731,200,47,1,1,1,1
13,330000000,2140,652,120,41,1,1,1,1
14,250000000,676,716,366,68,1,1,1,1
14,190000000,261,731,201,47,1,1,1,1
14,330000000,2142,652,119,41,1,1,1,1
15,250000000,685,716,364,68,1,1,1,1
15,190000000,259,731,201,47,1,1,1,1
15,330000000,2145,652,118,41,1,1,1,1
16,250000000,693,716,362,68,1,1,1,1
16,190000000,256,731,201,47,1,1,1,1
16,330000000,2148,652,118,41,1,1,1,1
17,250000000,702,716,361,67,1,1,1,1
17,190000000,254,731,202,47,1,1,1,1
17,330000000,2150,651,117,41,1,1,1,1
18,250000000,710,715,359,67,1,1,1,1
18,190000000,251,732,202,48,1,1,1,1
18,330000000,2153,651,117,41,1,1,1,1
19,250000000,719,715,358,67,1,1,1,1
19,190000000,249,732,202,48,1,1,1,1
19,330000000,2156,651,116,41,1,1,1,1
20,250000000,727,715,356,67,1,1,1,1
20,190000000,246,732,202,48,1,1,1,1
20,330000000,2159,651,115,42,1,1,1,1
21,250000000,735,714,354,67,1,1,1,1
21,190000000,244,732,203,48,1,1,1,1
21,330000000,2161,651,115,42,1,1,1,1
22,250000000,744,714,353,66,1,1,1,1
22,190000000,241,732,203,48,1,1,1,1
22,330000000,2164,651,114,42,1,1,1,1
23,250000000,752,714,351,66,1,1,1,1
23,190000000,238,732,203,48,1,1,1,1
23,330000000,2167,650,114,42,1,1,1,1
24,250000000,761,714,349,66,1,1,1,1
24,190000000,236,732,204,48,1,1,1,1
24,330000000,2170,650,113,42,1,1,1,1
25,250000000,769,713,348,66,1,1,1,1
25,190000000,233,733,204,48,1,1,1,1
25,330000000,2172,650,113,42,1,1,1,1
26,250000000,778,713,346,66,1,1,1,1
26,190000000,231,733,204,48,1,1,1,1
26,330000000,2175,650,112,42,1,1,1,1
27,250000000,786,713,345,65,1,1,1,1
27,190000000,228,733,205,48,1,1,1,1
27,330000000,2177,650,112,42,1,1,1,1
28,250000000,795,713,343,65,1,1,1,1
28,190000000,226,733,205,48,1,1,1,1
28,330000000,2180,650,111,42,1,1,1,1
29,250000000,803,712,341,65,1,1,1,1
29,190000000,223,733,205,49,1,1,1,1
29,330000000,2182,650,111,42,1,1,1,1
30,250000000,811,712,340,65,1,1,1,1
30,190000000,221,733,206,49,1,1,1,1
30,330000000,2184,650,111,42,1,1,1,1
31,250000000,820,712,338,64,1,1,1,1
31,190000000,218,733,206,49,1,1,1,1
31,330000000,2187,650,110,42,1,1,1,1
32,250000000,828,712,337,64,1,1,1,1
32,190000000,216,733,206,49,1,1,1,1
32,330000000,2189,650,110,42,1,1,1,1
33,250000000,837,711,335,64,1,1,1,1
33,190000000,213,734,207,49,1,1,1,1
33,330000000,2191,650,109,42,1,1,1,1
34,250000000,845,711,333,64,1,1,1,1
34,190000000,211,734,207,49,1,1,1,1
34,330000000,2194,650,109,42,1,1,1,1
35,250000000,854,711,332,64,1,1,1,1
35,190000000,208,734,207,49,1,1,1,1
35,330000000,2196,650,109,42,1,1,1,1
36,250000000,862,711,330,63,1,1,1,1
36,190000000,205,734,208,49,1,1,1,1
36,330000000,2198,649,108,41,1,1,1,1
37,250000000,871,710,329,63,1,1,1,1
37,190000000,203,734,208,49,1,1,1,1
37,330000000,2201,649,108,41,1,1,1,1
38,250000000,879,710,327,63,1,1,1,1
38,190000000,200,734,208,49,1,1,1,1
38,330000000,2203,649,108,41,1,1,1,1
39,250000000,886,710,326,63,1,1,1,1
39,190000000,198,734,209,49,1,1,1,1
39,330000000,2205,649,107,41,1,1,1,1
40,250000000,893,710,324,63,1,1,1,1
40,190000000,195,735,209,50,1,1,1,1
40,330000000,2208,649,107,41,1,1,1,1
41,250000000,900,709,323,62,1,1,1,1
41,190000000,193,735,209,50,1,1,1,1
41,330000000,2210,649,107,41,1,1,1,1
42,250000000,908,709,322,62,1,1,1,1
42,190000000,190,735,210,50,1,1,1,1
42,330000000,2212,649,106,41,1,1,1,1
43,250000000,915,709,321,62,1,1,1,1
43,190000000,188,735,210,50,1,1,1,1
43,330000000,2215,649,106,41,1,1,1,1
44,250000000,922,709,319,62,1,1,1,1
44,190000000,185,735,210,50,1,1,1,1
44,330000000,2217,649,106,41,1,1,1,1
45,250000000,929,708,318,62,1,1,1,1
45,190000000,183,735,211,50,1,1,1,1
45,330000000,2219,649,105,41,1,1,1,1
46,250000000,936,708,317,62,1,1,1,1
46,190000000,180,735,211,50,1,1,1,1
46,330000000,2222,649,105,41,1,1,1,1
47,250000000,943,708,315,61,1,1,1,1
47,190000000,177,736,211,50,1,1,1,1
47,330000000,2224,649,104,41,1,1,1,1
48,250000000,950,708,314,61,1,1,1,1
48,190000000,175,736,212,50,1,1,1,1
48,330000000,2226,649,104,41,1,1,1,1
49,250000000,958,707,313,61,1,1,1,1
49,190000000,172,736,212,50,1,1,1,1
49,330000000,2229,649,104,41,1,1,1,1
50,250000000,965,707,312,61,1,1,1,1
50,190000000,170,736,212,50,1,1,1,1
50,330000000,2231,649,103,41,1,1,1,1
51,250000000,972,707,310,61,1,1,1,1
51,190000000,167,736,213,50,1,1,1,1
51,330000000,2233,649,103,41,1,1,1,1
52,250000000,979,707,309,61,1,1,1,1
52,190000000,165,736,213,51,1,1,1,1
52,330000000,2236,649,103,41,1,1,1,1
53,250000000,986,707,308,60,1,1,1,1
53,190000000,162,736,213,51,1,1,1,1
53,330000000,2238,649,102,41,1,1,1,1
54,250000000,993,706,306,60,1,1,1,1
54,190000000,160,737,214,51,1,1,1,1
54,330000000,2240,649,102,41,1,1,1,1
55,250000000,1000,706,305,60,1,1,1,1
55,190000000,157,737,214,51,1,1,1,1
55,330000000,2243,649,102,41,1,1,1,1
56,250000000,1008,706,304,60,1,1,1,1
56,190000000,155,737,214,51,1,1,1,1
56,330000000,2245,648,101,40,1,1,1,1
57,250000000,1015,706,303,60,1,1,1,1
57,190000000,152,737,215,51,1,1,1,1
57,330000000,2247,648,101,40,1,1,1,1
58,250000000,1022,705,301,60,1,1,1,1
58,190000000,149,737,215,51,1,1,1,1
58,330000000,2250,648,101,40,1,1,1,1
59,250000000,1029,705,300,59,1,1,1,1
59,190000000,147,737,215,51,1,1,1,1
59,330000000,2252,648,100,40,1,1,1,1
60,250000000,1036,705,299,59,1,1,1,1
60,190000000,144,737,215,51,1,1,1,1
60,330000000,2254,648,100,40,1,1,1,1
61,250000000,1043,705,297,59,1,1,1,1
61,190000000,142,738,216,51,1,1,1,1
61,330000000,2257,648,99,40,1,1,1,1
62,250000000,1050,705,296,59,1,1,1,1
62,190000000,139,738,216,51,1,1,1,1
62,330000000,2259,648,99,40,1,1,1,1
63,250000000,1058,704,295,59,1,1,1,1
63,190000000,137,738,216,52,1,1,1,1
63,330000000,2261,648,99,40,1,1,1,1
64,250000000,1065,704,294,59,1,1,1,1
64,190000000,134,738,217,52,1,1,1,1
64,330000000,2264,648,98,40,1,1,1,1
65,250000000,1072,704,292,58,1,1,1,1
65,190000000,132,738,217,52,1,1,1,1
65,330000000,2266,648,98,40,1,1,1,1
66,250000000,1079,704,291,58,1,1,1,1
66,190000000,129,738,217,52,1,1,1,1
66,330000000,2268,648,98,40,1,1,1,1
67,250000000,1086,703,290,58,1,1,1,1
67,190000000,127,738,218,52,1,1,1,1
67,330000000,2270,648,98,40,1,1,1,1
68,250000000,1093,703,288,58,1,1,1,1
68,190000000,124,739,218,52,1,1,1,1
68,330000000,2272,648,98,40,1,1,1,1
69,250000000,1100,703,287,58,1,1,1,1
69,190000000,121,739,218,52,1,1,1,1
69,330000000,2274,647,98,40,1,1,1,1
70,250000000,1108,703,286,58,1,1,1,1
70,190000000,119,739,219,52,1,1,1,1
70,330000000,2275,647,98,40,1,1,1,1
71,250000000,1115,702,285,57,1,1,1,1
71,190000000,116,739,219,52,1,1,1,1
71,330000000,2277,647,98,40,1,1,1,1
72,250000000,1122,702,283,57,1,1,1,1
72,190000000,114,739,219,52,1,1,1,1
72,330000000,2279,647,98,40,1,1,1,1
73,250000000,1129,702,282,57,1,1,1,1
73,190000000,111,739,220,52,1,1,1,1
73,330000000,2281,647,98,40,1,1,1,1
74,250000000,1135,702,282,57,1,1,1,1
74,190000000,109,739,220,52,1,1,1,1
74,330000000,2283,647,98,40,1,1,1,1
75,250000000,1140,701,281,57,1,1,1,1
75,190000000,106,740,220,53,1,1,1,1
75,330000000,2285,647,98,40,1,1,1,1
76,250000000,1146,701,281,57,1,1,1,1
76,190000000,104,740,221,53,1,1,1,1
76,330000000,2287,646,98,40,1,1,1,1
77,250000000,1151,701,280,56,1,1,1,1
77,190000000,101,740,221,53,1,1,1,1
77,330000000,2289,646,98,40,1,1,1,1
78,250000000,1157,700,280,56,1,1,1,1
78,190000000,99,740,221,53,1,1,1,1
78,330000000,2290,646,98,40,1,1,1,1
79,250000000,1162,700,279,56,1,1,1,1
79,190000000,96,740,222,53,1,1,1,1
79,330000000,2292,646,99,40,1,1,1,1
80,250000000,1168,700,279,56,1,1,1,1
80,190000000,93,740,222,53,1,1,1,1
80,330000000,2294,646,99,40,1,1,1,1
81,250000000,1173,699,279,56,1,1,1,1
81,190000000,91,740,222,53,1,1,1,1
81,330000000,2296,646,99,40,1,1,1,1
82,250000000,1179,699,278,56,1,1,1,1
82,190000000,88,741,223,53,1,1,1,1
82,330000000,2298,646,99,40,1,1,1,1
83,250000000,1184,699,278,56,1,1,1,1
83,190000000,86,741,223,53,1,1,1,1
83,330000000,2300,645,99,40,1,1,1,1
84,250000000,1190,698,277,56,1,1,1,1
84,190000000,83,741,223,53,1,1,1,1
84,330000000,2302,645,99,40,1,1,1,1
85,250000000,1195,698,277,55,1,1,1,1
85,190000000,81,741,224,53,1,1,1,1
85,330000000,2304,645,99,40,1,1,1,1
86,250000000,1201,698,276,55,1,1,1,1
86,190000000,78,741,224,54,1,1,1,1
86,330000000,2305,645,99,40,1,1,1,1
87,250000000,1206,697,276,55,1,1,1,1
87,190000000,76,741,224,54,1,1,1,1
87,330000000,2307,645,99,40,1,1,1,1
88,250000000,1212,697,276,55,1,1,1,1
88,190000000,73,741,225,54,1,1,1,1
88,330000000,2309,645,99,40,1,1,1,1
89,250000000,1217,697,275,55,1,1,1,1
89,190000000,71,741,225,54,1,1,1,1
89,330000000,2311,645,99,40,1,1,1,1
90,250000000,1223,696,275,55,1,1,1,1
90,190000000,68,742,225,54,1,1,1,1
90,330000000,2313,644,99,40,1,1,1,1
91,250000000,1228,696,274,55,1,1,1,1
91,190000000,66,742,226,54,1,1,1,1
91,330000000,2315,644,99,40,1,1,1,1
92,250000000,1234,696,274,54,1,1,1,1
92,190000000,63,742,226,54,1,1,1,1
92,330000000,2317,644,99,40,1,1,1,1
93,250000000,1239,695,273,54,1,1,1,1
93,190000000,60,742,226,54,1,1,1,1
93,330000000,2319,644,99,40,1,1,1,1
94,250000000,1245,695,273,54,1,1,1,1
94,190000000,58,742,227,54,1,1,1,1
94,330000000,2320,644,99,40,1,1,1,1
95,250000000,1250,695,272,54,1,1,1,1
95,190000000,55,742,227,54,1,1,1,1
95,330000000,2322,644,99,40,1,1,1,1
96,250000000,1256,694,272,54,1,1,1,1
96,190000000,53,742,227,54,1,1,1,1
96,330000000,2324,644,99,40,1,1,1,1
97,250000000,1261,694,272,54,1,1,1,1
97,190000000,50,743,227,55,1,1,1,1
97,330000000,2326,643,99,40,1,1,1,1
98,250000000,1267,694,271,54,1,1,1,1
98,190000000,48,743,228,55,1,1,1,1
98,330000000,2328,643,99,40,1,1,1,1
99,250000000,1272,693,271,54,1,1,1,1
99,190000000,45,743,228,55,1,1,1,1
99,330000000,2330,643,99,40,1,1,1,1
100,250000000,1278,693,270,53,1,1,1,1
100,190000000,43,743,228,55,1,1,1,1
100,330000000,2332,643,99,40,1,1,1,1
101,250000000,1283,693,270,53,1,1,1,1
101,190000000,40,743,229,55,1,1,1,1
101,330000000,2334,643,99,40,1,1,1,1
102,250000000,1289,692,269,53,1,1,1,1
102,190000000,38,743,229,55,1,1,1,1
102,330000000,2335,643,99,40,1,1,1,1
103,250000000,1294,692,269,53,1,1,1,1
103,190000000,35,743,229,55,1,1,1,1
103,330000000,2337,643,99,40,1,1,1,1
104,250000000,1299,692,268,53,1,1,1,1
104,190000000,32,744,230,55,1,1,1,1
104,330000000,2339,642,99,40,1,1,1,1
105,250000000,1304,692,267,53,1,1,1,1
105,190000000,30,744,230,55,1,1,1,1
105,330000000,2341,642,99,40,1,1,1,1
106,250000000,1309,691,266,53,1,1,1,1
106,190000000,27,744,230,55,1,1,1,1
106,330000000,2343,642,99,40,1,1,1,1
107,250000000,1313,691,265,53,1,1,1,1
107,190000000,25,744,231,55,1,1,1,1
107,330000000,2345,642,100,40,1,1,1,1
108,250000000,1318,691,264,53,1,1,1,1
108,190000000,22,744,231,55,1,1,1,1
108,330000000,2347,642,100,40,1,1,1,1
109,250000000,1323,691,263,53,1,1,1,1
109,190000000,20,744,231,56,1,1,1,1
109,330000000,2349,642,100,40,1,1,1,1
110,250000000,1328,691,262,53,1,1,1,1
110,190000000,17,744,232,56,1,1,1,1
110,330000000,2350,642,100,40,1,1,1,1
111,250000000,1333,691,261,53,1,1,1,1
111,190000000,15,745,232,56,1,1,1,1
111,330000000,2352,641,100,40,1,1,1,1
112,250000000,1338,690,260,53,1,1,1,1
112,190000000,12,745,232,56,1,1,1,1
112,330000000,2354,641,100,40,1,1,1,1
113,250000000,1343,690,259,53,1,1,1,1
113,190000000,10,745,233,56,1,1,1,1
113,330000000,2356,641,100,40,1,1,1,1
114,250000000,1347,690,258,53,1,1,1,1
114,190000000,7,745,233,56,1,1,1,1
114,330000000,2358,641,100,40,1,1,1,1
115,250000000,1352,690,257,53,1,1,1,1
115,190000000,7,745,230,56,1,1,1,1
115,330000000,2360,641,100,40,1,1,1,1
116,250000000,1357,690,256,53,1,1,1,1
116,190000000,7,745,228,56,1,1,1,1
116,330000000,2362,641,100,40,1,1,1,1
117,250000000,1362,690,255,53,1,1,1,1
117,190000000,7,745,225,55,1,1,1,1
117,330000000,2364,641,100,40,1,1,1,1
118,250000000,1367,689,255,52,1,1,1,1
118,190000000,6,746,223,55,1,1,1,1
118,330000000,2365,640,100,40,1,1,1,1
119,250000000,1372,689,254,52,1,1,1,1
119,190000000,6,746,220,55,1,1,1,1
119,330000000,2367,640,100,40,1,1,1,1
120,250000000,1377,689,253,52,1,1,1,1
120,190000000,6,746,218,55,1,1,1,1
120,330000000,2369,640,100,40,1,1,1,1
121,250000000,1382,689,252,52,1,1,1,1
121,190000000,6,746,215,55,1,1,1,1
121,330000000,2371,640,100,40,1,1,1,1
122,250000000,1386,689,251,52,1,1,1,1
122,190000000,6,746,213,54,1,1,1,1
122,330000000,2373,640,100,40,1,1,1,1
123,250000000,1391,689,250,52,1,1,1,1
123,190000000,6,746,210,54,1,1,1,1
123,330000000,2374,640,99,40,1,1,1,1
124,250000000,1396,688,249,52,1,1,1,1
124,190000000,5,746,208,54,1,1,1,1
124,330000000,2376,640,99,40,1,1,1,1
125,250000000,1401,688,248,52,1,1,1,1
125,190000000,5,747,205,54,1,1,1,1
125,330000000,2378,640,99,40,1,1,1,1
126,250000000,1406,688,247,52,1,1,1,1
126,190000000,5,747,202,54,1,1,1,1
126,330000000,2379,640,99,40,1,1,1,1
127,250000000,1411,688,246,52,1,1,1,1
127,190000000,5,747,200,54,1,1,1,1
127,330000000,2381,640,98,40,1,1,1,1
128,250000000,1416,688,245,52,1,1,1,1
128,190000000,5,747,197,53,1,1,1,1
128,330000000,2383,640,98,40,1,1,1,1
129,250000000,1420,688,244,52,1,1,1,1
129,190000000,5,747,195,53,1,1,1,1
129,330000000,2384,639,98,40,1,1,1,1
130,250000000,1425,687,243,52,1,1,1,1
130,190000000,4,747,192,53,1,1,1,1
130,330000000,2386,639,98,40,1,1,1,1
131,250000000,1430,687,242,52,1,1,1,1
131,190000000,4,747,190,53,1,1,1,1
131,330000000,2388,639,97,40,1,1,1,1
132,250000000,1435,687,241,52,1,1,1,1
132,190000000,4,748,187,53,1,1,1,1
132,330000000,2389,639,97,40,1,1,1,1
133,250000000,1440,687,240,52,1,1,1,1
133,190000000,4,748,185,52,1,1,1,1
133,330000000,2391,639,97,40,1,1,1,1
134,250000000,1445,687,239,52,1,1,1,1
134,190000000,4,748,182,52,1,1,1,1
134,330000000,2393,639,97,40,1,1,1,1
135,250000000,1450,686,238,52,1,1,1,1
135,190000000,4,748,180,52,1,1,1,1
135,330000000,2394,639,96,40,1,1,1,1
136,250000000,1454,686,237,52,1,1,1,1
136,190000000,3,748,177,52,1,1,1,1
136,330000000,2396,639,96,40,1,1,1,1
137,250000000,1459,686,236,52,1,1,1,1
137,190000000,3,748,174,52,1,1,1,1
137,330000000,2398,639,96,40,1,1,1,1
138,250000000,1464,686,235,52,1,1,1,1
138,190000000,3,748,172,51,1,1,1,1
138,330000000,2400,639,96,40,1,1,1,1
139,250000000,1469,686,234,52,1,1,1,1
139,190000000,3,749,169,51,1,1,1,1
139,330000000,2401,639,95,40,1,1,1,1
140,250000000,1474,686,233,52,1,1,1,1
140,190000000,3,749,167,51,1,1,1,1
140,330000000,2403,639,95,40,1,1,1,1
141,250000000,1479,685,232,52,1,1,1,1
141,190000000,3,749,164,51,1,1,1,1
141,330000000,2405,639,95,40,1,1,1,1
142,250000000,1484,685,231,52,1,1,1,1
142,190000000,2,749,162,51,1,1,1,1
142,330000000,2406,639,95,40,1,1,1,1
143,250000000,1488,685,230,52,1,1,1,1
143,190000000,2,749,159,50,1,1,1,1
143,330000000,2408,639,94,40,1,1,1,1
144,250000000,1493,685,229,52,1,1,1,1
144,190000000,2,749,157,50,1,1,1,1
144,330000000,2410,639,94,40,1,1,1,1
145,250000000,1498,685,228,52,1,1,1,1
145,190000000,2,749,154,50,1,1,1,1
145,330000000,2411,638,94,40,1,1,1,1
146,250000000,1503,685,227,52,1,1,1,1
146,190000000,2,750,151,50,1,1,1,1
146,330000000,2413,638,94,40,1,1,1,1
147,250000000,1508,684,227,51,1,1,1,1
147,190000000,2,750,149,50,1,1,1,1
147,330000000,2415,638,93,40,1,1,1,1
148,250000000,1513,684,226,51,1,1,1,1
148,190000000,1,750,146,50,1,1,1,1
148,330000000,2416,638,93,40,1,1,1,1
149,250000000,1518,684,225,51,1,1,1,1
149,190000000,1,750,144,49,1,1,1,1
149,330000000,2418,638,93,40,1,1,1,1
150,250000000,1523,684,224,51,1,1,1,1
150,190000000,1,750,141,49,1,1,1,1
150,330000000,2420,638,93,40,1,1,1,1
151,250000000,1527,684,223,51,1,1,1,1
151,190000000,1,750,139,49,1,1,1,1
151,330000000,2421,638,92,40,1,1,1,1
152,250000000,1532,684,222,51,1,1,1,1
152,190000000,1,750,136,49,1,1,1,1
152,330000000,2423,638,92,40,1,1,1,1
153,250000000,1537,683,221,51,1,1,1,1
153,190000000,1,751,134,49,1,1,1,1
153,330000000,2425,638,92,40,1,1,1,1
154,250000000,1542,683,220,51,1,1,1,1
154,190000000,0,751,131,48,1,1,1,1
154,330000000,2426,638,91,40,1,1,1,1
155,250000000,1547,683,219,51,1,1,1,1
155,190000000,0,751,129,48,1,1,1,1
155,330000000,2428,638,91,40,1,1,1,1
156,250000000,1552,683,218,51,1,1,1,1
156,190000000,0,751,126,48,1,1,1,1
156,330000000,2430,638,91,40,1,1,1,1
157,250000000,1557,683,217,51,1,1,1,1
157,330000000,2431,638,91,40,1,1,1,1
158,250000000,1561,683,216,51,1,1,1,1
158,330000000,2433,638,90,40,1,1,1,1
159,250000000,1566,682,215,51,1,1,1,1
159,330000000,2435,638,90,40,1,1,1,1
160,250000000,1571,682,214,51,1,1,1,1
160,330000000,2436,637,90,40,1,1,1,1
161,250000000,1576,682,213,51,1,1,1,1
161,330000000,2438,637,90,40,1,1,1,1
162,250000000,1580,682,212,51,1,1,1,1
162,330000000,2440,637,89,40,1,1,1,1
163,250000000,1584,682,212,51,1,1,1,1
163,330000000,2441,637,89,40,1,1,1,1
164,250000000,1587,682,211,50,1,1,1,1
164,330000000,2443,637,89,40,1,1,1,1
165,250000000,1591,681,210,50,1,1,1,1
165,330000000,2445,637,89,40,1,1,1,1
166,250000000,1595,681,210,50,1,1,1,1
166,330000000,2446,637,88,40,1,1,1,1
167,250000000,1599,681,209,50,1,1,1,1
167,330000000,2448,637,88,40,1,1,1,1
168,250000000,1603,681,208,50,1,1,1,1
168,330000000,2450,637,88,40,1,1,1,1
169,250000000,1606,681,208,50,1,1,1,1
169,330000000,2452,637,88,40,1,1,1,1
170,250000000,1610,681,207,49,1,1,1,1
170,330000000,2453,637,87,40,1,1,1,1
171,250000000,1614,680,206,49,1,1,1,1
171,330000000,2455,637,87,40,1,1,1,1
172,250000000,1618,680,206,49,1,1,1,1
172,330000000,2457,637,87,40,1,1,1,1
173,250000000,1621,680,205,49,1,1,1,1
173,330000000,2458,637,87,40,1,1,1,1
174,250000000,1625,680,204,49,1,1,1,1
174,330000000,2460,637,86,40,1,1,1,1
175,250000000,1629,680,204,49,1,1,1,1
175,330000000,2462,637,86,40,1,1,1,1
176,250000000,1633,680,203,48,1,1,1,1
176,330000000,2463,636,86,40,1,1,1,1
177,250000000,1637,679,202,48,1,1,1,1
177,330000000,2465,636,86,40,1,1,1,1
178,250000000,1640,679,202,48,1,1,1,1
178,330000000,2467,636,85,40,1,1,1,1
179,250000000,1644,679,201,48,1,1,1,1
179,330000000,2468,636,85,40,1,1,1,1
180,250000000,1648,679,200,48,1,1,1,1
180,330000000,2470,636,85,40,1,1,1,1
181,250000000,1652,679,200,47,1,1,1,1
181,330000000,2472,636,85,40,1,1,1,1
182,250000000,1656,679,199,47,1,1,1,1
182,330000000,2473,636,84,40,1,1,1,1
183,250000000,1659,678,198,47,1,1,1,1
183,330000000,2475,636,84,40,1,1,1,1
184,250000000,1663,678,198,47,1,1,1,1
185,250000000,1667,678,197,47,1,1,1,1
186,250000000,1671,678,196,47,1,1,1,1
187,250000000,1675,678,196,46,1,1,1,1
188,250000000,1678,678,195,46,1,1,1,1
189,250000000,1682,677,194,46,1,1,1,1
190,250000000,1686,677,194,46,1,1,1,1
191,250000000,1690,677,193,46,1,1,1,1
192,250000000,1694,677,193,46,1,1,1,1
193,250000000,1697,677,192,45,1,1,1,1
194,250000000,1701,677,191,45,1,1,1,1
195,250000000,1705,677,191,45,1,1,1,1
196,250000000,1709,676,190,45,1,1,1,1
197,250000000,1712,676,189,45,1,1,1,1
198,250000000,1716,676,189,44,1,1,1,1
199,250000000,1720,676,188,44,1,1,1,1
200,250000000,1724,676,187,44,1,1,1,1
201,250000000,1728,676,187,44,1,1,1,1
202,250000000,1731,675,186,44,1,1,1,1
203,250000000,1735,675,185,44,1,1,1,1
204,250000000,1739,675,185,43,1,1,1,1
205,250000000,1743,675,184,43,1,1,1,1
206,250000000,1747,675,183,43,1,1,1,1
207,250000000,1750,675,183,43,1,1,1,1
208,250000000,1754,674,182,43,1,1,1,1
209,250000000,1758,674,181,42,1,1,1,1
210,250000000,1762,674,181,42,1,1,1,1
211,250000000,1766,674,180,42,1,1,1,1
212,250000000,1769,674,179,42,1,1,1,1
213,250000000,1773,674,179,42,1,1,1,1
214,250000000,1777,673,178,42,1,1,1,1
215,250000000,1781,673,177,41,1,1,1,1
216,250000000,1784,673,177,41,1,1,1,1
217,250000000,1788,673,176,41,1,1,1,1
218,250000000,1792,673,175,41,1,1,1,1
219,250000000,1796,673,175,41,1,1,1,1
220,250000000,1800,672,174,41,1,1,1,1
221,250000000,1803,672,173,40,1,1,1,1
222,250000000,1807,672,173,40,1,1,1,1
223,250000000,1811,672,172,40,1,1,1,1
224,250000000,1814,672,172,40,1,1,1,1
225,250000000,1817,672,171,40,1,1,1,1
226,250000000,1820,672,171,40,1,1,1,1
227,250000000,1823,671,170,40,1,1,1,1
228,250000000,1825,671,170,40,1,1,1,1
229,250000000,1828,671,170,40,1,1,1,1
230,250000000,1831,671,169,40,1,1,1,1
231,250000000,1834,671,169,40,1,1,1,1
232,250000000,1837,671,168,40,1,1,1,1
233,250000000,1840,670,168,39,1,1,1,1
234,250000000,1843,670,167,39,1,1,1,1
235,250000000,1846,670,167,39,1,1,1,1
236,250000000,1848,670,167,39,1,1,1,1
237,250000000,1851,670,166,39,1,1,1,1
238,250000000,1854,670,166,39,1,1,1,1
239,250000000,1857,670,165,39,1,1,1,1
240,250000000,1860,669,165,39,1,1,1,1
241,250000000,1863,669,165,39,1,1,1,1
242,250000000,1866,669,164,39,1,1,1,1
243,250000000,1869,669,164,39,1,1,1,1
244,250000000,1872,669,163,39,1,1,1,1
245,250000000,1874,669,163,39,1,1,1,1
246,250000000,1877,668,162,39,1,1,1,1
247,250000000,1880,668,162,39,1,1,1,1
248,250000000,1883,668,162,39,1,1,1,1
249,250000000,1886,668,161,39,1,1,1,1
250,250000000,1889,668,161,39,1,1,1,1
251,250000000,1892,668,160,39,1,1,1,1
252,250000000,1895,667,160,38,1,1,1,1
253,250000000,1897,667,160,38,1,1,1,1
254,250000000,1900,667,159,38,1,1,1,1
255,250000000,1903,667,159,38,1,1,1,1
256,250000000,1906,667,158,38,1,1,1,1
257,250000000,1909,667,158,38,1,1,1,1
258,250000000,1912,667,157,38,1,1,1,1
259,250000000,1915,666,157,38,1,1,1,1
260,250000000,1918,666,157,38,1,1,1,1
261,250000000,1921,666,156,38,1,1,1,1
262,250000000,1923,666,156,38,1,1,1,1
263,250000000,1926,666,155,38,1,1,1,1
264,250000000,1929,666,155,38,1,1,1,1
265,250000000,1932,665,155,38,1,1,1,1
266,250000000,1935,665,154,38,1,1,1,1
267,250000000,1938,665,154,38,1,1,1,1
268,250000000,1941,665,153,38,1,1,1,1
269,250000000,1944,665,153,38,1,1,1,1
270,250000000,1947,665,152,38,1,1,1,1
271,250000000,1949,665,152,38,1,1,1,1
272,250000000,1952,664,152,37,1,1,1,1
273,250000000,1955,664,151,37,1,1,1,1
274,250000000,1958,664,151,37,1,1,1,1
275,250000000,1961,664,150,37,1,1,1,1
276,250000000,1964,664,150,37,1,1,1,1
277,250000000,1967,664,150,37,1,1,1,1
278,250000000,1970,663,149,37,1,1,1,1
279,250000000,1972,663,149,37,1,1,1,1
280,250000000,1975,663,148,37,1,1,1,1
281,250000000,1978,663,148,37,1,1,1,1
282,250000000,1981,663,147,37,1,1,1,1
283,250000000,1984,663,147,37,1,1,1,1
284,250000000,1987,662,147,37,1,1,1,1
285,250000000,1990,662,146,37,1,1,1,1
286,250000000,1993,662,146,37,1,1,1,1
287,250000000,1996,662,145,37,1,1,1,1
288,250000000,1998,662,145,37,1,1,1,1
289,250000000,2001,662,145,37,1,1,1,1
290,250000000,2004,662,144,37,1,1,1,1
291,250000000,2007,661,144,36,1,1,1,1
292,250000000,2010,661,143,36,1,1,1,1
293,250000000,2013,661,143,36,1,1,1,1
294,250000000,2016,661,142,36,1,1,1,1
295,250000000,2019,661,142,36,1,1,1,1
296,250000000,2021,661,142,36,1,1,1,1
297,250000000,2024,660,141,36,1,1,1,1
298,250000000,2027,660,141,36,1,1,1,1
299,250000000,2030,660,140,36,1,1,1,1
300,250000000,2033,660,140,36,1,1,1,1
301,250000000,2035,660,140,36,1,1,1,1
302,250000000,2038,660,140,36,1,1,1,1
303,250000000,2040,660,139,36,1,1,1,1
304,250000000,2042,660,139,36,1,1,1,1
305,250000000,2044,660,139,35,1,1,1,1
306,250000000,2047,660,139,35,1,1,1,1
307,250000000,2049,660,138,35,1,1,1,1
308,250000000,2051,660,138,35,1,1,1,1
309,250000000,2053,660,138,35,1,1,1,1
310,250000000,2056,660,138,35,1,1,1,1
311,250000000,2058,660,137,35,1,1,1,1
312,250000000,2060,660,137,35,1,1,1,1
313,250000000,2062,660,137,35,1,1,1,1
314,250000000,2065,660,137,35,1,1,1,1
315,250000000,2067,660,136,34,1,1,1,1
316,250000000,2069,660,136,34,1,1,1,1
317,250000000,2071,660,136,34,1,1,1,1
318,250000000,2074,660,136,34,1,1,1,1
319,250000000,2076,660,135,34,1,1,1,1
320,250000000,2078,659,135,34,1,1,1,1
321,250000000,2080,659,135,34,1,1,1,1
322,250000000,2083,659,135,34,1,1,1,1
323,250000000,2085,659,134,34,1,1,1,1
324,250000000,2087,659,134,33,1,1,1,1
325,250000000,2089,659,134,33,1,1,1,1
326,250000000,2092,659,134,33,1,1,1,1
327,250000000,2094,659,133,33,1,1,1,1
328,250000000,2096,659,133,33,1,1,1,1
329,250000000,2098,659,133,33,1,1,1,1
330,250000000,2101,659,133,33,1,1,1,1
331,250000000,2103,659,132,33,1,1,1,1
332,250000000,2105,659,132,33,1,1,1,1
333,250000000,2107,659,132,33,1,1,1,1
334,250000000,2110,659,132,32,1,1,1,1
335,250000000,2112,659,131,32,1,1,1,1
336,250000000,2114,659,131,32,1,1,1,1
337,250000000,2116,659,131,32,1,1,1,1
338,250000000,2119,659,131,32,1,1,1,1
339,250000000,2121,659,130,32,1,1,1,1
340,250000000,2123,659,130,32,1,1,1,1
341,250000000,2125,659,130,32,1,1,1,1
342,250000000,2128,659,130,32,1,1,1,1
343,250000000,2130,659,129,31,1,1,1,1
344,250000000,2132,659,129,31,1,1,1,1
345,250000000,2134,659,129,31,1,1,1,1
346,250000000,2137,659,129,31,1,1,1,1
347,250000000,2139,659,128,31,1,1,1,1
348,250000000,2141,659,128,31,1,1,1,1
349,250000000,2143,659,128,31,1,1,1,1
350,250000000,2146,659,128,31,1,1,1,1
351,250000000,2148,659,127,31,1,1,1,1
352,250000000,2150,659,127,31,1,1,1,1
353,250000000,2152,659,127,30,1,1,1,1
354,250000000,2155,659,127,30,1,1,1,1
355,250000000,2157,659,126,30,1,1,1,1
356,250000000,2159,659,126,30,1,1,1,1
357,250000000,2161,659,126,30,1,1,1,1
358,250000000,2164,658,126,30,1,1,1,1
359,250000000,2166,658,125,30,1,1,1,1
360,250000000,2168,658,125,30,1,1,1,1
361,250000000,2170,658,125,30,1,1,1,1
362,250000000,2173,658,125,29,1,1,1,1
363,250000000,2175,658,124,29,1,1,1,1
364,250000000,2177,658,124,29,1,1,1,1
365,250000000,2179,658,124,29,1,1,1,1
366,250000000,2182,658,124,29,1,1,1,1
367,250000000,2184,658,123,29,1,1,1,1
368,250000000,2186,658,123,29,1,1,1,1
369,250000000,2188,658,123,29,1,1,1,1
370,250000000,2191,658,123,29,1,1,1,1
371,250000000,2193,658,122,29,1,1,1,1
372,250000000,2195,658,122,28,1,1,1,1
373,250000000,2197,658,122,28,1,1,1,1
374,250000000,2200,658,122,28,1,1,1,1
375,250000000,2202,658,121,28,1,1,1,1
376,250000000,2204,658,121,28,1,1,1,1
377,250000000,2206,658,121,28,1,1,1,1
378,250000000,2208,658,121,28,1,1,1,1
379,250000000,2210,658,120,28,1,1,1,1
380,250000000,2212,658,120,28,1,1,1,1
381,250000000,2214,657,120,29,1,1,1,1
382,250000000,2216,657,120,29,1,1,1,1
383,250000000,2217,657,119,29,1,1,1,1
384,250000000,2219,657,119,29,1,1,1,1
385,250000000,2221,657,119,29,1,1,1,1
386,250000000,2223,657,119,29,1,1,1,1
387,250000000,2225,657,118,29,1,1,1,1
388,250000000,2227,657,118,29,1,1,1,1
389,250000000,2229,656,118,30,1,1,1,1
390,250000000,2231,656,118,30,1,1,1,1
391,250000000,2233,656,118,30,1,1,1,1
392,250000000,2235,656,117,30,1,1,1,1
393,250000000,2237,656,117,30,1,1,1,1
394,250000000,2239,656,117,30,1,1,1,1
395,250000000,2241,656,117,30,1,1,1,1
396,250000000,2242,656,116,30,1,1,1,1
397,250000000,2244,655,116,31,1,1,1,1
398,250000000,2246,655,116,31,1,1,1,1
399,250000000,2248,655,116,31,1,1,1,1
400,250000000,2250,655,115,31,1,1,1,1
401,250000000,2252,655,115,31,1,1,1,1
402,250000000,2254,655,115,31,1,1,1,1
403,250000000,2256,655,115,31,1,1,1,1
404,250000000,2258,655,115,31,1,1,1,1
404,600000000,0,795,138,63,1,1,1,1
405,250000000,2260,654,114,32,1,1,1,1
405,600000000,0,794,152,64,1,1,1,1
406,250000000,2262,654,114,32,1,1,1,1
406,600000000,0,792,166,65,1,1,1,1
407,250000000,2264,654,114,32,1,1,1,1
407,600000000,0,791,180,67,1,1,1,1
408,250000000,2266,654,114,32,1,1,1,1
408,600000000,0,789,194,68,1,1,1,1
409,250000000,2267,654,113,32,1,1,1,1
409,600000000,0,788,208,69,1,1,1,1
410,250000000,2269,654,113,32,1,1,1,1
410,600000000,0,786,222,70,1,1,1,1
411,250000000,2271,654,113,32,1,1,1,1
411,600000000,0,785,236,71,1,1,1,1
412,250000000,2273,654,113,32,1,1,1,1
412,600000000,1,783,250,73,1,1,1,1
413,250000000,2275,653,112,33,1,1,1,1
413,600000000,1,782,264,74,1,1,1,1
414,250000000,2277,653,112,33,1,1,1,1
414,600000000,1,780,278,75,1,1,1,1
415,250000000,2279,653,112,33,1,1,1,1
415,600000000,1,779,292,76,1,1,1,1
416,250000000,2281,653,112,33,1,1,1,1
416,600000000,1,777,306,77,1,1,1,1
417,250000000,2283,653,112,33,1,1,1,1
417,600000000,1,776,320,79,1,1,1,1
418,250000000,2285,653,111,33,1,1,1,1
418,600000000,1,774,334,80,1,1,1,1
419,250000000,2287,653,111,33,1,1,1,1
419,600000000,1,773,348,81,1,1,1,1
420,250000000,2289,653,111,33,1,1,1,1
420,600000000,16,772,346,80,1,1,1,1
421,250000000,2291,652,111,34,1,1,1,1
421,600000000,31,772,344,79,1,1,1,1
422,250000000,2292,652,110,34,1,1,1,1
422,600000000,45,771,341,78,1,1,1,1
423,250000000,2294,652,110,34,1,1,1,1
423,600000000,60,771,339,78,1,1,1,1
424,250000000,2296,652,110,34,1,1,1,1
424,600000000,75,770,337,77,1,1,1,1
425,250000000,2298,652,110,34,1,1,1,1
425,600000000,90,769,335,76,1,1,1,1
426,250000000,2300,652,109,34,1,1,1,1
426,600000000,105,769,333,75,1,1,1,1
427,250000000,2302,652,109,34,1,1,1,1
427,600000000,119,768,330,74,1,1,1,1
428,250000000,2304,652,109,34,1,1,1,1
428,600000000,134,768,328,73,1,1,1,1
429,250000000,2306,651,109,35,1,1,1,1
429,600000000,149,767,326,73,1,1,1,1
430,250000000,2308,651,109,35,1,1,1,1
430,600000000,164,766,324,72,1,1,1,1
431,250000000,2310,651,108,35,1,1,1,1
431,600000000,179,766,322,71,1,1,1,1
432,250000000,2312,651,108,35,1,1,1,1
432,600000000,193,765,319,70,1,1,1,1
433,250000000,2314,651,108,35,1,1,1,1
433,600000000,208,765,317,69,1,1,1,1
434,250000000,2316,651,108,35,1,1,1,1
434,600000000,223,764,315,68,1,1,1,1
435,250000000,2317,651,107,35,1,1,1,1
435,600000000,238,763,313,67,1,1,1,1
436,250000000,2319,651,107,35,1,1,1,1
436,600000000,253,763,311,67,1,1,1,1
437,250000000,2321,650,107,36,1,1,1,1
437,600000000,267,762,308,66,1,1,1,1
438,250000000,2323,650,107,36,1,1,1,1
438,600000000,282,762,306,65,1,1,1,1
439,250000000,2325,650,106,36,1,1,1,1
439,600000000,297,761,304,64,1,1,1,1
440,250000000,2327,650,106,36,1,1,1,1
440,600000000,309,760,302,64,1,1,1,1
441,250000000,2329,650,106,36,1,1,1,1
441,600000000,321,759,300,64,1,1,1,1
442,250000000,2331,650,106,36,1,1,1,1
442,600000000,334,759,298,64,1,1,1,1
443,250000000,2332,650,106,36,1,1,1,1
443,600000000,346,758,297,64,1,1,1,1
444,250000000,2334,650,106,36,1,1,1,1
444,600000000,358,757,295,64,1,1,1,1
445,250000000,2335,650,106,36,1,1,1,1
445,600000000,370,756,293,64,1,1,1,1
446,250000000,2337,649,105,36,1,1,1,1
446,600000000,383,755,291,64,1,1,1,1
447,250000000,2339,649,105,36,1,1,1,1
447,600000000,395,754,289,64,1,1,1,1
448,250000000,2340,649,105,36,1,1,1,1
448,600000000,407,754,287,64,1,1,1,1
449,250000000,2342,649,105,36,1,1,1,1
449,600000000,419,753,285,64,1,1,1,1
450,250000000,2344,649,105,36,1,1,1,1
450,600000000,431,752,284,64,1,1,1,1
451,250000000,2345,649,105,35,1,1,1,1
451,600000000,444,751,282,64,1,1,1,1
452,250000000,2347,649,105,35,1,1,1,1
452,600000000,456,750,280,64,1,1,1,1
453,250000000,2348,649,105,35,1,1,1,1
453,600000000,468,750,278,64,1,1,1,1
454,250000000,2350,649,105,35,1,1,1,1
454,600000000,480,749,276,64,1,1,1,1
455,250000000,2352,649,105,35,1,1,1,1
455,600000000,493,748,274,64,1,1,1,1
456,250000000,2353,648,104,35,1,1,1,1
456,600000000,505,747,273,64,1,1,1,1
457,250000000,2355,648,104,35,1,1,1,1
457,600000000,517,746,271,64,1,1,1,1
458,250000000,2356,648,104,35,1,1,1,1
458,600000000,529,746,269,64,1,1,1,1
459,250000000,2358,648,104,35,1,1,1,1
459,600000000,541,745,267,64,1,1,1,1
460,250000000,2360,648,104,35,1,1,1,1
460,600000000,554,744,265,64,1,1,1,1
461,250000000,2361,648,104,35,1,1,1,1
461,600000000,566,743,263,64,1,1,1,1
462,250000000,2363,648,104,35,1,1,1,1
462,600000000,578,742,261,64,1,1,1,1
463,250000000,2365,648,104,35,1,1,1,1
463,600000000,590,741,260,64,1,1,1,1
464,250000000,2366,648,104,35,1,1,1,1
464,600000000,603,741,258,64,1,1,1,1
465,250000000,2368,648,104,35,1,1,1,1
465,600000000,615,740,256,64,1,1,1,1
466,250000000,2369,647,103,35,1,1,1,1
466,600000000,627,739,254,64,1,1,1,1
467,250000000,2371,647,103,35,1,1,1,1
467,600000000,637,739,252,64,1,1,1,1
468,250000000,2373,647,103,35,1,1,1,1
468,600000000,646,738,251,63,1,1,1,1
469,250000000,2374,647,103,35,1,1,1,1
469,600000000,656,738,249,63,1,1,1,1
470,250000000,2376,647,103,35,1,1,1,1
470,600000000,666,737,248,63,1,1,1,1
471,250000000,2377,647,103,34,1,1,1,1
471,600000000,675,737,246,63,1,1,1,1
472,250000000,2379,647,103,34,1,1,1,1
472,600000000,685,736,244,62,1,1,1,1
473,250000000,2381,647,103,34,1,1,1,1
473,600000000,695,736,243,62,1,1,1,1
474,250000000,2382,647,103,34,1,1,1,1
474,600000000,704,735,241,62,1,1,1,1
475,250000000,2384,647,103,34,1,1,1,1
475,600000000,714,735,239,62,1,1,1,1
476,250000000,2386,646,102,34,1,1,1,1
476,600000000,724,734,238,61,1,1,1,1
477,250000000,2387,646,102,34,1,1,1,1
477,600000000,733,734,236,61,1,1,1,1
478,250000000,2389,646,102,34,1,1,1,1
478,600000000,743,734,235,61,1,1,1,1
479,250000000,2390,646,102,34,1,1,1,1
479,600000000,753,733,233,61,1,1,1,1
480,250000000,2392,646,102,34,1,1,1,1
480,600000000,762,733,231,60,1,1,1,1
481,250000000,2394,646,102,34,1,1,1,1
481,600000000,772,732,230,60,1,1,1,1
482,250000000,2395,646,101,34,1,1,1,1
482,600000000,782,732,228,60,1,1,1,1
483,250000000,2397,646,101,34,1,1,1,1
483,600000000,792,731,227,60,1,1,1,1
484,250000000,2398,646,101,34,1,1,1,1
484,600000000,801,731,225,59,1,1,1,1
485,250000000,2400,646,101,34,1,1,1,1
485,600000000,811,730,223,59,1,1,1,1
486,250000000,2402,646,100,34,1,1,1,1
486,600000000,821,730,222,59,1,1,1,1
487,250000000,2403,646,100,33,1,1,1,1
487,600000000,830,730,220,59,1,1,1,1
488,250000000,2405,646,100,33,1,1,1,1
488,600000000,840,729,219,58,1,1,1,1
489,250000000,2407,646,99,33,1,1,1,1
489,600000000,850,729,217,58,1,1,1,1
490,250000000,2408,646,99,33,1,1,1,1
490,600000000,859,728,215,58,1,1,1,1
491,250000000,2410,646,99,33,1,1,1,1
491,600000000,869,728,214,58,1,1,1,1
492,250000000,2411,646,99,33,1,1,1,1
492,600000000,879,727,212,57,1,1,1,1
493,250000000,2413,647,98,33,1,1,1,1
493,600000000,888,727,210,57,1,1,1,1
494,250000000,2415,647,98,33,1,1,1,1
494,600000000,898,726,209,57,1,1,1,1
495,250000000,2416,647,98,33,1,1,1,1
495,600000000,908,726,207,57,1,1,1,1
496,250000000,2418,647,97,33,1,1,1,1
496,600000000,917,725,206,56,1,1,1,1
497,250000000,2419,647,97,33,1,1,1,1
497,600000000,927,725,204,56,1,1,1,1
498,250000000,2421,647,97,33,1,1,1,1
498,600000000,934,724,203,56,1,1,1,1
499,250000000,2423,647,97,32,1,1,1,1
499,600000000,942,724,202,56,1,1,1,1
500,250000000,2424,647,96,32,1,1,1,1
500,600000000,949,723,201,56,1,1,1,1
501,250000000,2426,647,96,32,1,1,1,1
501,600000000,957,723,200,56,1,1,1,1
502,250000000,2427,647,96,32,1,1,1,1
502,600000000,964,722,199,56,1,1,1,1
503,250000000,2429,647,95,32,1,1,1,1
503,600000000,971,721,198,56,1,1,1,1
504,250000000,2431,647,95,32,1,1,1,1
504,600000000,979,721,197,56,1,1,1,1
505,250000000,2432,647,95,32,1,1,1,1
505,600000000,986,720,196,56,1,1,1,1
506,250000000,2434,647,95,32,1,1,1,1
506,600000000,993,719,195,56,1,1,1,1
507,250000000,2436,647,94,32,1,1,1,1
507,600000000,1001,719,194,56,1,1,1,1
508,250000000,2437,647,94,32,1,1,1,1
508,600000000,1008,718,193,56,1,1,1,1
509,250000000,2439,647,94,32,1,1,1,1
509,600000000,1016,718,192,56,1,1,1,1
510,250000000,2440,647,93,32,1,1,1,1
510,600000000,1023,717,191,56,1,1,1,1
511,250000000,2442,647,93,31,1,1,1,1
511,600000000,1030,716,190,56,1,1,1,1
512,250000000,2444,647,93,31,1,1,1,1
512,600000000,1038,716,189,56,1,1,1,1
513,250000000,2445,647,93,31,1,1,1,1
513,600000000,1045,715,189,55,1,1,1,1
514,250000000,2447,647,92,31,1,1,1,1
514,600000000,1053,715,188,55,1,1,1,1
515,250000000,2448,647,92,31,1,1,1,1
515,600000000,1060,714,187,55,1,1,1,1
516,250000000,2450,647,92,31,1,1,1,1
516,600000000,1067,713,186,55,1,1,1,1
517,250000000,2452,648,91,31,1,1,1,1
517,600000000,1075,713,185,55,1,1,1,1
518,250000000,2453,648,91,31,1,1,1,1
518,600000000,1082,712,184,55,1,1,1,1
519,250000000,2455,648,91,31,1,1,1,1
519,600000000,1090,712,183,55,1,1,1,1
520,250000000,2456,648,91,31,1,1,1,1
520,600000000,1097,711,182,55,1,1,1,1
521,250000000,2458,648,90,31,1,1,1,1
521,600000000,1104,710,181,55,1,1,1,1
522,250000000,2460,648,90,31,1,1,1,1
522,600000000,1112,710,180,55,1,1,1,1
523,250000000,2461,648,90,30,1,1,1,1
523,600000000,1119,709,179,55,1,1,1,1
524,250000000,2463,648,89,30,1,1,1,1
524,600000000,1126,708,178,55,1,1,1,1
525,250000000,2465,648,89,30,1,1,1,1
525,600000000,1134,708,177,55,1,1,1,1
526,250000000,2466,648,89,30,1,1,1,1
526,600000000,1141,707,176,55,1,1,1,1
527,250000000,2468,648,89,30,1,1,1,1
527,600000000,1149,707,175,55,1,1,1,1
528,250000000,2469,648,88,30,1,1,1,1
528,600000000,1156,706,174,55,1,1,1,1
529,250000000,2471,648,88,30,1,1,1,1
529,600000000,1162,706,173,55,1,1,1,1
530,600000000,1168,706,173,54,1,1,1,1
531,600000000,1174,705,172,54,1,1,1,1
532,600000000,1180,705,172,54,1,1,1,1
533,600000000,1186,705,171,54,1,1,1,1
534,600000000,1192,705,171,53,1,1,1,1
535,600000000,1198,704,170,53,1,1,1,1
536,600000000,1204,704,170,53,1,1,1,1
537,600000000,1210,704,169,52,1,1,1,1
538,600000000,1216,704,169,52,1,1,1,1
539,600000000,1222,703,168,52,1,1,1,1
540,600000000,1228,703,168,52,1,1,1,1
541,600000000,1234,703,167,51,1,1,1,1
542,600000000,1240,703,167,51,1,1,1,1
543,600000000,1246,703,166,51,1,1,1,1
544,600000000,1252,702,166,50,1,1,1,1
545,600000000,1258,702,165,50,1,1,1,1
546,600000000,1263,702,165,50,1,1,1,1
547,600000000,1269,702,164,50,1,1,1,1
548,600000000,1275,701,164,49,1,1,1,1
549,600000000,1281,701,163,49,1,1,1,1
550,600000000,1287,701,163,49,1,1,1,1
551,600000000,1293,701,162,48,1,1,1,1
552,600000000,1299,701,162,48,1,1,1,1
553,600000000,1305,700,161,48,1,1,1,1
554,600000000,1311,700,161,48,1,1,1,1
555,600000000,1317,700,160,47,1,1,1,1
556,600000000,1323,700,160,47,1,1,1,1
557,600000000,1329,699,159,47,1,1,1,1
558,600000000,1335,699,159,46,1,1,1,1
559,600000000,1341,699,158,46,1,1,1,1
560,600000000,1347,699,158,46,1,1,1,1
561,600000000,1353,698,157,46,1,1,1,1
562,600000000,1359,698,157,45,1,1,1,1
563,600000000,1365,698,156,45,1,1,1,1
564,600000000,1370,697,155,45,1,1,1,1
565,600000000,1375,697,155,46,1,1,1,1
566,600000000,1380,696,154,46,1,1,1,1
567,600000000,1385,696,153,46,1,1,1,1
568,600000000,1390,695,152,47,1,1,1,1
569,600000000,1395,695,152,47,1,1,1,1
570,600000000,1399,694,151,47,1,1,1,1
571,600000000,1404,694,150,48,1,1,1,1
572,600000000,1409,693,150,48,1,1,1,1
573,600000000,1414,692,149,48,1,1,1,1
574,600000000,1419,692,148,49,1,1,1,1
575,600000000,1424,691,147,49,1,1,1,1
576,600000000,1429,691,147,49,1,1,1,1
577,600000000,1434,690,146,49,1,1,1,1
578,600000000,1439,690,145,50,1,1,1,1
579,600000000,1444,689,144,50,1,1,1,1
580,600000000,1449,688,144,50,1,1,1,1
581,600000000,1454,688,143,51,1,1,1,1
582,600000000,1458,687,142,51,1,1,1,1
583,600000000,1463,687,142,51,1,1,1,1
584,600000000,1468,686,141,52,1,1,1,1
585,600000000,1473,686,140,52,1,1,1,1
586,600000000,1478,685,139,52,1,1,1,1
587,600000000,1483,685,139,53,1,1,1,1
588,600000000,1488,684,138,53,1,1,1,1
589,600000000,1492,684,138,53,1,1,1,1
590,600000000,1497,684,137,52,1,1,1,1
591,600000000,1501,684,137,52,1,1,1,1
592,600000000,1505,684,136,52,1,1,1,1
593,600000000,1510,684,136,51,1,1,1,1
594,600000000,1514,684,136,51,1,1,1,1
595,600000000,1518,684,135,50,1,1,1,1
596,600000000,1523,684,135,50,1,1,1,1
597,600000000,1527,683,134,50,1,1,1,1
598,600000000,1531,683,134,49,1,1,1,1
599,600000000,1535,683,134,49,1,1,1,1
600,600000000,1540,683,133,49,1,1,1,1
601,600000000,1544,683,133,48,1,1,1,1
602,600000000,1548,683,132,48,1,1,1,1
603,600000000,1553,683,132,47,1,1,1,1
604,600000000,1557,683,132,47,1,1,1,1
605,600000000,1561,683,131,47,1,1,1,1
606,600000000,1566,683,131,46,1,1,1,1
607,600000000,1570,683,130,46,1,1,1,1
608,600000000,1574,683,130,46,1,1,1,1
609,600000000,1579,683,129,45,1,1,1,1
610,600000000,1583,683,129,45,1,1,1,1
611,600000000,1587,683,129,44,1,1,1,1
612,600000000,1592,683,128,44,1,1,1,1
613,600000000,1596,682,128,44,1,1,1,1
614,600000000,1600,682,127,43,1,1,1,1
615,600000000,1604,682,127,43,1,1,1,1
616,600000000,1609,682,127,43,1,1,1,1
617,600000000,1613,682,126,42,1,1,1,1
618,600000000,1617,682,126,42,1,1,1,1
619,600000000,1622,682,125,41,1,1,1,1
620,600000000,1626,682,125,41,1,1,1,1
